51 0 0 5
 0 0.0 0.0 0 
 1 2 3 4 5 6 7 8 9 10 11 12 13 14 15 16 17 18 19 20 21 22 23 24 25 26 27 28 29 30 31 32 33 34 35 36 37 38 39 40 41 42 43 44 45 46 47 48 49 50 51
1  2 	# TRAIT
 0.9999 0.0001
 1
 0.000 0.000 1.000
3  2 	# rs1179901
 0.0337 0.9663
3  2 	# rs11967579
 0.0169 0.9831
3  2 	# rs292255
 0.3820 0.6180
3  2 	# rs6910129
 0.1404 0.8596
3  2 	# rs4707585
 0.2640 0.7360
3  2 	# rs9342219
 0.3764 0.6236
3  2 	# rs207264
 0.1573 0.8427
3  2 	# rs3734660
 0.1292 0.8708
3  2 	# rs12195431
 0.1011 0.8989
3  2 	# rs1847473
 0.1517 0.8483
3  2 	# rs717893
 0.0899 0.9101
3  2 	# rs790605
 0.3652 0.6348
3  2 	# rs1221220
 0.4775 0.5225
3  2 	# rs157705
 0.2978 0.7022
3  2 	# rs2750440
 0.0787 0.9213
3  2 	# rs2325312
 0.2584 0.7416
3  2 	# rs12526019
 0.3202 0.6798
3  2 	# rs9353764
 0.2640 0.7360
3  2 	# rs1145786
 0.2809 0.7191
3  2 	# rs711280
 0.2022 0.7978
3  2 	# rs1144168
 0.0674 0.9326
3  2 	# rs6936812
 0.4045 0.5955
3  2 	# rs7766974
 0.0618 0.9382
3  2 	# rs6924365
 0.3708 0.6292
3  2 	# rs9345098
 0.3258 0.6742
3  2 	# rs9294483
 0.0056 0.9944
3  2 	# rs2224063
 0.4382 0.5618
3  2 	# rs2818291
 0.1966 0.8034
3  2 	# rs4707675
 0.1067 0.8933
3  2 	# rs7453029
 0.1798 0.8202
3  2 	# rs1761783
 0.2135 0.7865
3  2 	# rs4318847
 0.4607 0.5393
3  2 	# rs1493556
 0.2472 0.7528
3  2 	# rs2452974
 0.4888 0.5112
3  2 	# rs1373376
 0.4382 0.5618
3  2 	# rs9451963
 0.1629 0.8371
3  2 	# rs6927251
 0.3315 0.6685
3  2 	# rs6935299
 0.3483 0.6517
3  2 	# rs9345268
 0.2416 0.7584
3  2 	# rs6908465
 0.0337 0.9663
3  2 	# rs951556
 0.1348 0.8652
3  2 	# rs7742301
 0.1236 0.8764
3  2 	# rs677242
 0.4607 0.5393
3  2 	# rs7760335
 0.0506 0.9494
3  2 	# rs6938042
 0.4607 0.5393
3  2 	# rs7772899
 0.3708 0.6292
3  2 	# rs1572102
 0.4602 0.5398
3  2 	# rs164301
 0.3371 0.6629
3  2 	# rs4707796
 0.3090 0.6910
3  2 	# rs351331
 0.4607 0.5393
 0 0
 0.1  0.000539  0.001690  0.000864  0.001600  0.001736  0.001736  0.000506  0.000500  0.000507  0.000579  0.003187  0.000569  0.000814  0.000500  0.001227  0.000592  0.002061  0.000898  0.001815  0.001514  0.001310  0.000742  0.000556  0.001670  0.000506  0.001373  0.000653  0.000607  0.000833  0.000512  0.000513  0.001032  0.001073  0.000539  0.000502  0.000540  0.000613  0.000555  0.000637  0.000780  0.000507  0.001228  0.001588  0.001022  0.000525  0.000500  0.000987  0.000556  0.000589
 1      2.0  1.0
