51 0 0 5
 0 0.0 0.0 0 
 1 2 3 4 5 6 7 8 9 10 11 12 13 14 15 16 17 18 19 20 21 22 23 24 25 26 27 28 29 30 31 32 33 34 35 36 37 38 39 40 41 42 43 44 45 46 47 48 49 50 51
1  2 	# TRAIT
 0.9999 0.0001
 1
 0.000 0.000 1.000
3  2 	# rs1269287
 0.0506 0.9494
3  2 	# rs6919641
 0.1292 0.8708
3  2 	# rs4946673
 0.0843 0.9157
3  2 	# rs714530
 0.1629 0.8371
3  2 	# rs2027873
 0.3876 0.6124
3  2 	# rs4440505
 0.1854 0.8146
3  2 	# rs2895618
 0.4045 0.5955
3  2 	# rs11966261
 0.4775 0.5225
3  2 	# rs13437093
 0.4944 0.5056
3  2 	# rs4568493
 0.1180 0.8820
3  2 	# rs9386492
 0.4551 0.5449
3  2 	# rs11152943
 0.2640 0.7360
3  2 	# rs9480625
 0.4438 0.5562
3  2 	# rs6925611
 0.1798 0.8202
3  2 	# rs535490
 0.0843 0.9157
3  2 	# rs9398069
 0.4888 0.5112
3  2 	# rs1322178
 0.0281 0.9719
3  2 	# rs17251215
 0.1124 0.8876
3  2 	# rs2749083
 0.0787 0.9213
3  2 	# rs987377
 0.2528 0.7472
3  2 	# rs927016
 0.1854 0.8146
3  2 	# rs6905896
 0.3933 0.6067
3  2 	# rs6925883
 0.3989 0.6011
3  2 	# rs7760555
 0.3933 0.6067
3  2 	# rs1159148
 0.0449 0.9551
3  2 	# rs898898
 0.3876 0.6124
3  2 	# rs3127660
 0.4663 0.5337
3  2 	# rs6915445
 0.4045 0.5955
3  2 	# rs1022630
 0.3090 0.6910
3  2 	# rs3117418
 0.0618 0.9382
3  2 	# rs3099605
 0.2670 0.7330
3  2 	# rs311232
 0.1517 0.8483
3  2 	# rs6568468
 0.3371 0.6629
3  2 	# rs17068076
 0.3708 0.6292
3  2 	# rs7745716
 0.2809 0.7191
3  2 	# rs6940398
 0.1067 0.8933
3  2 	# rs9373956
 0.3034 0.6966
3  2 	# rs847003
 0.4101 0.5899
3  2 	# rs1728118
 0.4944 0.5056
3  2 	# rs6934505
 0.0506 0.9494
3  2 	# rs17528372
 0.0393 0.9607
3  2 	# rs6900051
 0.0562 0.9438
3  2 	# rs9372175
 0.1798 0.8202
3  2 	# rs2050042
 0.4775 0.5225
3  2 	# rs7770621
 0.1573 0.8427
3  2 	# rs9400180
 0.4382 0.5618
3  2 	# rs4946900
 0.1573 0.8427
3  2 	# rs6919324
 0.2022 0.7978
3  2 	# rs218291
 0.2360 0.7640
3  2 	# rs217520
 0.3764 0.6236
 0 0
 0.1  0.000988  0.001111  0.000554  0.001750  0.000559  0.001563  0.001220  0.002065  0.001781  0.000937  0.000550  0.000709  0.000743  0.001160  0.000504  0.000789  0.000555  0.000888  0.000513  0.000572  0.000634  0.001528  0.000609  0.000572  0.000505  0.000559  0.000563  0.000673  0.000736  0.005058  0.000964  0.002588  0.000721  0.000510  0.000553  0.000771  0.001628  0.000522  0.001158  0.000805  0.000643  0.001362  0.000734  0.000843  0.000747  0.001534  0.000628  0.001269  0.000709
 1      2.0  1.0
