51 0 0 5
 0 0.0 0.0 0 
 1 2 3 4 5 6 7 8 9 10 11 12 13 14 15 16 17 18 19 20 21 22 23 24 25 26 27 28 29 30 31 32 33 34 35 36 37 38 39 40 41 42 43 44 45 46 47 48 49 50 51
1  2 	# TRAIT
 0.9999 0.0001
 1
 0.000 0.000 1.000
3  2 	# rs649933
 0.1461 0.8539
3  2 	# rs7768714
 0.3523 0.6477
3  2 	# rs2038473
 0.1910 0.8090
3  2 	# rs581129
 0.4551 0.5449
3  2 	# rs6910793
 0.0787 0.9213
3  2 	# rs4896857
 0.0955 0.9045
3  2 	# rs56566
 0.1966 0.8034
3  2 	# rs362856
 0.3315 0.6685
3  2 	# rs9497566
 0.3652 0.6348
3  2 	# rs9386161
 0.3989 0.6011
3  2 	# rs973572
 0.5000 0.5000
3  2 	# rs6911012
 0.3371 0.6629
3  2 	# rs9377026
 0.3258 0.6742
3  2 	# rs17551120
 0.0562 0.9438
3  2 	# rs12665649
 0.0449 0.9551
3  2 	# rs9485147
 0.0618 0.9382
3  2 	# rs649544
 0.2809 0.7191
3  2 	# rs642527
 0.3090 0.6910
3  2 	# rs634753
 0.4713 0.5287
3  2 	# rs9403860
 0.3483 0.6517
3  2 	# rs844569
 0.3764 0.6236
3  2 	# rs6935781
 0.2865 0.7135
3  2 	# rs9390491
 0.4719 0.5281
3  2 	# rs6914269
 0.5000 0.5000
3  2 	# rs7755031
 0.0056 0.9944
3  2 	# rs3861426
 0.0955 0.9045
3  2 	# rs6904457
 0.2865 0.7135
3  2 	# rs1404484
 0.4157 0.5843
3  2 	# rs7765680
 0.2697 0.7303
3  2 	# rs6920454
 0.4438 0.5562
3  2 	# rs9390549
 0.4494 0.5506
3  2 	# rs6918668
 0.2022 0.7978
3  2 	# rs4537167
 0.4888 0.5112
3  2 	# rs17635342
 0.0955 0.9045
3  2 	# rs9322150
 0.4775 0.5225
3  2 	# rs1883625
 0.1067 0.8933
3  2 	# rs11751252
 0.0449 0.9551
3  2 	# rs8641
 0.3258 0.6742
3  2 	# rs208699
 0.2022 0.7978
3  2 	# rs1570363
 0.4831 0.5169
3  2 	# rs7356870
 0.1629 0.8371
3  2 	# rs9498147
 0.4663 0.5337
3  2 	# rs9390610
 0.3427 0.6573
3  2 	# rs900475
 0.0169 0.9831
3  2 	# rs9485337
 0.0618 0.9382
3  2 	# rs12192351
 0.0955 0.9045
3  2 	# rs11155607
 0.2809 0.7191
3  2 	# rs9386240
 0.2978 0.7022
3  2 	# rs2500548
 0.2753 0.7247
3  2 	# rs7761698
 0.1685 0.8315
 0 0
 0.1  0.001372  0.000512  0.000521  0.000825  0.000622  0.001072  0.000519  0.000538  0.000649  0.000812  0.001703  0.001149  0.000578  0.000850  0.000547  0.000866  0.000678  0.000579  0.002474  0.000523  0.000500  0.000700  0.000948  0.000554  0.001774  0.000611  0.000506  0.001118  0.001655  0.001188  0.000802  0.000955  0.000799  0.001232  0.001119  0.001079  0.001292  0.000867  0.002370  0.000607  0.001013  0.001205  0.000617  0.001432  0.001764  0.000902  0.001370  0.000517  0.000571
 1      2.0  1.0
