51 0 0 5
 0 0.0 0.0 0 
 1 2 3 4 5 6 7 8 9 10 11 12 13 14 15 16 17 18 19 20 21 22 23 24 25 26 27 28 29 30 31 32 33 34 35 36 37 38 39 40 41 42 43 44 45 46 47 48 49 50 51
1  2 	# TRAIT
 0.9999 0.0001
 1
 0.000 0.000 1.000
3  2 	# rs4709737
 0.0056 0.9944
3  2 	# rs9458886
 0.0056 0.9944
3  2 	# rs12199352
 0.2640 0.7360
3  2 	# rs13215377
 0.1854 0.8146
3  2 	# rs11755754
 0.1348 0.8652
3  2 	# rs1040644
 0.4213 0.5787
3  2 	# rs7775629
 0.3034 0.6966
3  2 	# rs9456909
 0.2416 0.7584
3  2 	# rs7754718
 0.1854 0.8146
3  2 	# rs9458967
 0.2697 0.7303
3  2 	# rs4709819
 0.4438 0.5562
3  2 	# rs4709823
 0.2753 0.7247
3  2 	# rs9356186
 0.3820 0.6180
3  2 	# rs9459017
 0.1854 0.8146
3  2 	# rs9356192
 0.2416 0.7584
3  2 	# rs814255
 0.0730 0.9270
3  2 	# rs1496118
 0.1573 0.8427
3  2 	# rs9356221
 0.3034 0.6966
3  2 	# rs7760143
 0.4663 0.5337
3  2 	# rs6919146
 0.2472 0.7528
3  2 	# rs4709871
 0.3483 0.6517
3  2 	# rs968009
 0.0562 0.9438
3  2 	# rs996301
 0.2865 0.7135
3  2 	# rs11754642
 0.0899 0.9101
3  2 	# rs3967133
 0.3371 0.6629
3  2 	# rs1322193
 0.2472 0.7528
3  2 	# rs9347988
 0.1910 0.8090
3  2 	# rs894240
 0.4326 0.5674
3  2 	# rs6923393
 0.1461 0.8539
3  2 	# rs4709927
 0.1910 0.8090
3  2 	# rs533040
 0.4494 0.5506
3  2 	# rs17193
 0.3652 0.6348
3  2 	# rs9459417
 0.0674 0.9326
3  2 	# rs220821
 0.4494 0.5506
3  2 	# rs221724
 0.1798 0.8202
3  2 	# rs6906719
 0.2584 0.7416
3  2 	# rs6938249
 0.3315 0.6685
3  2 	# rs2983505
 0.0730 0.9270
3  2 	# rs7762160
 0.3090 0.6910
3  2 	# rs9459464
 0.2528 0.7472
3  2 	# rs3008054
 0.4831 0.5169
3  2 	# rs9347084
 0.1011 0.8989
3  2 	# rs1039001
 0.1180 0.8820
3  2 	# rs6928719
 0.3539 0.6461
3  2 	# rs10455964
 0.1404 0.8596
3  2 	# rs7741397
 0.3483 0.6517
3  2 	# rs955075
 0.2978 0.7022
3  2 	# rs6899687
 0.0225 0.9775
3  2 	# rs300148
 0.1854 0.8146
3  2 	# rs2166251
 0.1910 0.8090
 0 0
 0.1  0.001715  0.000709  0.000758  0.001192  0.000501  0.001559  0.001395  0.000570  0.000654  0.000534  0.000766  0.000859  0.002350  0.001535  0.001905  0.003879  0.000891  0.000965  0.000783  0.000588  0.000678  0.000988  0.000546  0.001224  0.000544  0.001371  0.000534  0.002284  0.000713  0.000575  0.000937  0.000597  0.001801  0.002084  0.000684  0.000573  0.000521  0.001106  0.000651  0.001469  0.000538  0.001091  0.001689  0.000611  0.001708  0.000543  0.001237  0.000534  0.000522
 1      2.0  1.0
