51 0 0 5
 0 0.0 0.0 0 
 1 2 3 4 5 6 7 8 9 10 11 12 13 14 15 16 17 18 19 20 21 22 23 24 25 26 27 28 29 30 31 32 33 34 35 36 37 38 39 40 41 42 43 44 45 46 47 48 49 50 51
1  2 	# TRAIT
 0.9999 0.0001
 1
 0.000 0.000 1.000
3  2 	# rs7752591
 0.3933 0.6067
3  2 	# rs3020333
 0.2247 0.7753
3  2 	# rs1285057
 0.2472 0.7528
3  2 	# rs17081685
 0.2978 0.7022
3  2 	# rs11155819
 0.1966 0.8034
3  2 	# rs6912184
 0.4888 0.5112
3  2 	# rs9340944
 0.0730 0.9270
3  2 	# rs2813544
 0.1742 0.8258
3  2 	# rs9397085
 0.4045 0.5955
3  2 	# rs2813497
 0.0899 0.9101
3  2 	# rs6900213
 0.2247 0.7753
3  2 	# rs9397493
 0.2191 0.7809
3  2 	# rs1951925
 0.2921 0.7079
3  2 	# rs9397095
 0.4551 0.5449
3  2 	# rs9478320
 0.4157 0.5843
3  2 	# rs9942542
 0.2247 0.7753
3  2 	# rs9383626
 0.4944 0.5056
3  2 	# rs1028651
 0.2416 0.7584
3  2 	# rs680314
 0.2584 0.7416
3  2 	# rs612400
 0.0056 0.9944
3  2 	# rs13205491
 0.0674 0.9326
3  2 	# rs874302
 0.2416 0.7584
3  2 	# rs1292829
 0.2022 0.7978
3  2 	# rs1281958
 0.0618 0.9382
3  2 	# rs12663474
 0.0955 0.9045
3  2 	# rs6929221
 0.2865 0.7135
3  2 	# rs9397597
 0.3933 0.6067
3  2 	# rs2185276
 0.2584 0.7416
3  2 	# rs6922464
 0.2697 0.7303
3  2 	# rs1221934
 0.4382 0.5618
3  2 	# rs270309
 0.2303 0.7697
3  2 	# rs1674729
 0.4831 0.5169
3  2 	# rs4493751
 0.0225 0.9775
3  2 	# rs9479664
 0.0112 0.9888
3  2 	# rs1937600
 0.0337 0.9663
3  2 	# rs2350402
 0.3034 0.6966
3  2 	# rs7745695
 0.4888 0.5112
3  2 	# rs660756
 0.1011 0.8989
3  2 	# rs9383693
 0.5000 0.5000
3  2 	# rs6935927
 0.0506 0.9494
3  2 	# rs6930716
 0.1966 0.8034
3  2 	# rs2092417
 0.1798 0.8202
3  2 	# rs742517
 0.3708 0.6292
3  2 	# rs9479825
 0.3652 0.6348
3  2 	# rs1933685
 0.1573 0.8427
3  2 	# rs7745077
 0.2753 0.7247
3  2 	# rs2185112
 0.3034 0.6966
3  2 	# rs12194277
 0.4607 0.5393
3  2 	# rs6911971
 0.2697 0.7303
3  2 	# rs17085526
 0.3371 0.6629
 0 0
 0.1  0.000966  0.000882  0.000869  0.000626  0.000548  0.000885  0.002028  0.001503  0.001854  0.000777  0.002090  0.000529  0.001106  0.000515  0.000855  0.000930  0.000501  0.000508  0.001765  0.001047  0.000528  0.000785  0.000566  0.000631  0.000847  0.000523  0.001411  0.002110  0.001933  0.000583  0.000551  0.001229  0.000535  0.001311  0.000500  0.000678  0.000650  0.002438  0.000562  0.000666  0.000676  0.000631  0.001598  0.000622  0.000561  0.001031  0.001135  0.001680  0.000782
 1      2.0  1.0
