     1003,       24,         ,         ,        2,         ,        1,         &
 1  | 2  , 2  | 2  , 2  | 2  , 2  | 1  , 1  | 2  , 1  | 1  , 1  | 1  , 2  | 2  , 2  | 2  , 1  | 2  , 2  | 2  , 2  | 2  , 2  | 1  , 1  | 1  , 2  | 2  , 1  | 1  , 1  | 1  , 2  | 2  , 1  | 1  , 1  | 1  , 1  | 2  , 2  | 1  , 2  | 1  , 2  | 1  , 1  | 1  ,    &
 2  | 2  , 2  | 2  , 1  | 1  , 1  | 1  , 2  | 1  , 1  | 1  , 2  | 2  , 1  | 2  , 2  | 1  , 2  | 2  , 1  | 2  , 1  | 2  , 2  | 1  , 1  | 2  , 2  | 1  , 2  | 2  , 1  | 1  , 1  | 2  , 2  | 2  , 2  | 2  , 2  | 2  , 2  | 1  , 2  | 2  , 1  | 1  , 1  | 2  ,    &
 1       ,                                                                      
     1003,     7611,         ,         ,        1,         ,        1,         &
 1  | 2  , 1  | 1  , 2  | 2  , 2  | 2  , 1  | 1  , 2  | 1  , 1  | 1  , 2  | 2  , 1  | 2  , 1  | 1  , 2  | 1  , 1  | 2  , 2  | 2  , 1  | 1  , 2  | 1  , 2  | 1  , 1  | 2  , 2  | 1  , 2  | 1  , 2  | 1  , 1  | 2  , 2  | 1  , 1  | 2  , @  | 2  , @  | 1  ,    &
 @  | 2  , @  | 2  , @  | 1  , @  | 2  , @  | 1  , @  | 2  , @  | 2  , @  | 2  , @  | 1  , @  | 2  , @  | 1  , @  | 2  , @  | 2  , @  | 1  , @  | 2  , @  | 2  , @  | 1  , @  | 1  , @  | 2  , @  | 2  , @  | 2  , @  | 1  , @  | 2  , @  | 1  , @  | 1  ,    &
 1       ,                                                                      
     1003,       27,     7611,       24,        1,         ,        2,         &
 2  | 2  , 1  | 2  , 2  | 2  , 2  | 1  , 1  | 2  , 1  | 1  , 1  | 1  , 2  | 2  , 2  | 2  , 1  | 2  , 1  | 2  , 2  | 2  , 2  | 1  , 1  | 1  , 1  | 2  , 1  | 1  , 2  | 1  , 1  | 2  , 1  | 1  , 1  | 1  , 2  | 2  , 1  | 1  , 2  | 1  , 2  | 1  , 1  | 1  ,    &
 2  | 2  , 2  | 2  , 1  | 1  , 2  | 1  , 1  | 1  , 2  | 1  , 2  | 2  , 2  | 2  , 1  | 1  , 2  | 2  , 1  | 2  , 2  | 2  , 2  | 1  , 1  | 2  , 2  | 1  , 2  | 2  , 1  | 1  , 1  | 2  , 2  | 2  , 2  | 2  , 2  | 2  , 1  | 1  , 2  | 2  , 1  | 1  , 1  | 2  ,    &
 2       ,                                                                      
     1003,       25,     7611,       24,        2,         ,        2,         &
 1  | 1  , 1  | 2  , 2  | 2  , 2  | 2  , 1  | 1  , 2  | 1  , 1  | 1  , 2  | 2  , 1  | 2  , 1  | 1  , 2  | 2  , 1  | 2  , 2  | 2  , 1  | 1  , 2  | 2  , 2  | 1  , 1  | 1  , 2  | 2  , 2  | 1  , 2  | 1  , 1  | 1  , 2  | 2  , 1  | 2  , 2  | 2  , 1  | 1  ,    &
 2  | 2  , 2  | 2  , 1  | 1  , 2  | 1  , 1  | 2  , 2  | 1  , 2  | 2  , 2  | 1  , 1  | 2  , 2  | 2  , 1  | 1  , 2  | 1  , 2  | 2  , 1  | 1  , 2  | 2  , 2  | 2  , 1  | 1  , 1  | 1  , 2  | 2  , 2  | 2  , 2  | 2  , 1  | 2  , 2  | 2  , 1  | 1  , 1  | 1  ,    &
 2       ,                                                                      
&!______________________________________________________________________________
