#Chr    Genpos       Marker     Physpos    Nr
 06  136.42328273    rs568911  133859149    1
 06  136.55459179   rs6911166  133936266    2
 06  136.63626718   rs1878551  133948976    3
 06  136.71800384   rs9389095  134136042    4
 06  136.76819900   rs2209044  134173931    5
 06  136.83708509   rs2327429  134251530    6
 06  136.94136633    rs228859  134292887    7
 06  137.09951808    rs229904  134361167    8
 06  137.15551009  rs11154757  134385490    9
 06  137.30059996   rs2254235  134406736   10
 06  137.49754363   rs7738638  134433066   11
 06  137.59130904   rs7741722  134473563   12
 06  137.68479384   rs4645436  134508166   13
 06  137.79958227   rs9402571  134530653   14
 06  137.88297567   rs1763527  134541547   15
 06  137.95175850   rs4896028  134580872   16
 06  138.09052449   rs4896032  134616627   17
 06  138.19240346  rs10485350  134728553   18
 06  138.34060994    rs736476  134769313   19
 06  138.40239758   rs4896044  134779781   20
 06  138.45327015   rs6908662  134838602   21
 06  138.58548111   rs4896067  134873179   22
 06  138.63909214    rs228420  134928740   23
 06  138.71670329   rs4896079  134961047   24
 06  138.80604091   rs7757871  135071738   25
 06  138.94644227   rs9402653  135180053   26
 06  139.00412363   rs9385710  135256981   27
 06  139.05412666  rs11754504  135363202   28
 06  139.10730429  rs17064262  135507167   29
 06  139.19795403    rs210937  135582073   30
 06  139.34306632   rs2207000  135665526   31
 06  139.39347205   rs2143681  135974698   32
 06  139.44942845   rs9399161  136122157   33
 06  139.52403986   rs6570047  136210916   34
 06  139.58340710   rs9402774  136259803   35
 06  139.76224930   rs7752169  136269251   36
 06  139.82174002   rs4896185  136323311   37
 06  140.00063241   rs6921041  136412351   38
 06  140.10054253   rs9494464  136550609   39
 06  140.23846678    rs797553  136613158   40
 06  140.29503060   rs3799462  136887442   41
 06  140.34682017   rs6917580  137001971   42
 06  140.43101644   rs2237270  137008434   43
 06  140.59813753   rs9376221  137034072   44
 06  140.64939640    rs911182  137076157   45
 06  140.70033915   rs3734552  137154326   46
 06  140.75281724   rs6570118  137305633   47
 06  140.94257799   rs1935743  137330176   48
 06  141.02619830   rs6935119  137348256   49
 06  141.08610471   rs1744061  137366348   50
