#Chr    Genpos       Marker     Physpos    Nr
 06  60.62975679   rs9394699   40557268    1
 06  60.68346691   rs1433742   40611774    2
 06  60.74774469   rs9369215   40713146    3
 06  60.95911593   rs7765378   40725290    4
 06  61.01042497   rs7752740   40765570    5
 06  61.06134851   rs9369228   40806343    6
 06  61.12417777   rs9367079   40884571    7
 06  61.26016760    rs962390   40889398    8
 06  61.35589536   rs9394740   40932394    9
 06  61.45379116   rs7746902   41034936   10
 06  61.51256425    rs714051   41071091   11
 06  61.56325948   rs6915083   41271983   12
 06  61.63724069   rs3807040   41278873   13
 06  61.71432554   rs2234246   41351718   14
 06  61.84688798   rs9367104   41408875   15
 06  61.90147319   rs6922617   41444079   16
 06  61.95198938   rs9357360   41490550   17
 06  62.07557236    rs596917   41496322   18
 06  62.13321975    rs766389   41514764   19
 06  62.28434471  rs12527287   41548289   20
 06  62.35845696   rs2496639   41554993   21
 06  62.44633749   rs7742368   41566264   22
 06  62.66502238   rs2495239   41598466   23
 06  62.77901627   rs2395779   41619928   24
 06  62.83563642   rs1028818   41694558   25
 06  62.99176374   rs3789208   41722893   26
 06  63.17721095   rs1474762   41735030   27
 06  63.23196561   rs1011100   41751223   28
 06  63.30845015   rs7756525   41783718   29
 06  63.41784176   rs6912200   41825886   30
 06  63.47915461   rs9394831   41861062   31
 06  63.54045683   rs6921368   42088644   32
 06  63.63020956   rs4554318   42120137   33
 06  63.76259794   rs2492927   42147644   34
 06  63.94375746   rs7749023   42169711   35
 06  64.01189570   rs9471779   42206165   36
 06  64.06259375  rs17702178   42212909   37
 06  64.12643697   rs2492942   42215793   38
 06  64.22239920   rs6899392   42225472   39
 06  64.40934140   rs9349222   42239853   40
 06  64.48494613   rs9471815   42311726   41
 06  64.54047555   rs3800289   42339397   42
 06  64.74691379   rs9471831   42360363   43
 06  64.83305281   rs4711717   42393474   44
 06  64.97705925    rs550668   42417123   45
 06  65.09995035   rs1038890   42477286   46
 06  65.16978004   rs7768349   42521278   47
 06  65.44459958   rs6906363   42566354   48
 06  65.52735151  rs12210447   42824412   49
 06  65.59852391   rs2894478   42861382   50
