#Chr    Genpos       Marker     Physpos    Nr
 06  173.42782347   rs3823058  161600834    1
 06  173.63522627   rs1077281  161627455    2
 06  173.79786395   rs9347493  161651000    3
 06  173.88111737   rs9458225  161686381    4
 06  173.96042761   rs7766508  161713309    5
 06  174.34090151   rs6455728  161769779    6
 06  174.47434807  rs11968360  161794438    7
 06  174.55916828   rs6903203  161808401    8
 06  174.63627981   rs9456676  161819234    9
 06  174.68784955    rs480557  161872877   10
 06  174.74816543   rs6910938  161892176   11
 06  174.81775439   rs9364605  161926826   12
 06  174.89763318   rs6455744  161980458   13
 06  174.95136788   rs9347532  162013931   14
 06  175.06528919   rs6921226  162048533   15
 06  175.12774056   rs4708928  162077850   16
 06  175.25534684   rs7760443  162092708   17
 06  175.37518126   rs3016538  162156672   18
 06  175.44385198   rs9347543  162172592   19
 06  175.56157032  rs12111115  162186366   20
 06  175.63469718   rs6909000  162218341   21
 06  175.72514786  rs12111075  162224195   22
 06  175.93980270   rs9347564  162255457   23
 06  176.00017138   rs1954916  162367602   24
 06  176.07638566   rs1893551  162427680   25
 06  176.21093767    rs713053  162491253   26
 06  176.36596373  rs10945802  162539267   27
 06  176.51033966   rs9346906  162562714   28
 06  176.58155382   rs4392700  162644237   29
 06  176.63376739  rs10945816  162699141   30
 06  176.71874113   rs4709612  162795696   31
 06  176.91577843   rs7740031  162832504   32
 06  177.03308804   rs6908330  162863051   33
 06  177.08356983  rs10945861  163093668   34
 06  177.15586359   rs9346937  163199969   35
 06  177.20692951   rs1828819  163253575   36
 06  177.33264842   rs9347707  163281186   37
 06  177.38769489    rs577398  163448796   38
 06  177.43921223    rs566126  163474031   39
 06  177.50052997   rs2235993  163510246   40
 06  177.57078842   rs1022611  163542648   41
 06  177.62385636   rs6916948  163570421   42
 06  177.76632660   rs1555064  163597017   43
 06  177.96506964   rs4709696  163642258   44
 06  178.18780350   rs6903758  163656492   45
 06  178.24389018   rs4709704  163678931   46
 06  178.36910733   rs1629251  163712410   47
 06  178.54791677   rs4709725  163928398   48
 06  178.61506736   rs6933936  163963815   49
 06  178.67741472   rs4709737  164004661   50
