#Chr    Genpos       Marker     Physpos    Nr
 06  39.30288551   rs9465656   20308643    1
 06  39.59497894   rs7746765   20353997    2
 06  39.67175808   rs1887476   20373944    3
 06  39.72209513   rs2208438   20454174    4
 06  39.79283215   rs1570155   20490579    5
 06  39.90341546    rs746720   20525955    6
 06  39.98931773  rs11964747   20593877    7
 06  40.05333640   rs6904566   20643949    8
 06  40.10853087   rs7756992   20787688    9
 06  40.17037381   rs9465874   20845333   10
 06  40.24368248   rs7775523   21063311   11
 06  40.29441910    rs201301   21138132   12
 06  40.36752450   rs9358391   21215088   13
 06  40.47901475   rs9465991   21299907   14
 06  40.53154807   rs4710966   21336867   15
 06  40.61887304  rs12202180   21345585   16
 06  40.82846281    rs807846   21406055   17
 06  40.88867920  rs12192730   21435600   18
 06  40.95076952   rs6920208   21494858   19
 06  41.00523728   rs6904446   21547322   20
 06  41.25342381   rs4236005   21597726   21
 06  41.30654142   rs1744867   21742150   22
 06  41.48580664   rs1555529   21799683   23
 06  41.53597389   rs9358448   21839715   24
 06  41.68597742  rs17198823   21922476   25
 06  41.74236681   rs4712642   21991656   26
 06  41.79454380  rs12524124   22051921   27
 06  41.84992477  rs13212670   22077474   28
 06  41.91410775  rs11755535   22080779   29
 06  41.96702084    rs867863   22142419   30
 06  42.17627790    rs610499   22154509   31
 06  42.34872023    rs196038   22177949   32
 06  42.41848435   rs9466269   22244388   33
 06  42.62961853   rs4712661   22298317   34
 06  42.78534810   rs7749084   22310658   35
 06  42.85669348   rs9368429   22340904   36
 06  42.92670152  rs16885931   22374148   37
 06  43.00300568   rs2066266   22378099   38
 06  43.09858599   rs1205960   22396139   39
 06  43.14931480   rs2744143   22470924   40
 06  43.20150354  rs10456256   22554264   41
 06  43.27006338   rs9460748   22603159   42
 06  43.32646702   rs6934462   22689017   43
 06  43.37992325  rs11752967   22795477   44
 06  43.43619135   rs7752736   22846710   45
 06  43.52088895   rs4510658   22863298   46
 06  43.57825827   rs1018401   22954031   47
 06  43.62885412   rs2254032   22993654   48
 06  43.69292720   rs4712728   23050192   49
 06  43.75287958  rs13214549   23142963   50
