#Chr    Genpos       Marker     Physpos    Nr
 06  141.08610471   rs1744061  137366348    1
 06  141.14063058    rs276550  137443470    2
 06  141.19182780    rs276467  137505911    3
 06  141.30516666   rs9376267  137572724    4
 06  141.45583009  rs17321070  137595938    5
 06  141.59051241   rs2797667  137654201    6
 06  141.73899014   rs9402884  137659033    7
 06  141.92133073   rs1591208  137734557    8
 06  142.02687778   rs7767115  137864411    9
 06  142.11691424   rs9321619  137916101   10
 06  142.16985874    rs487438  137989681   11
 06  142.22075791   rs6917441  138060132   12
 06  142.27713787    rs643746  138094373   13
 06  142.33825601    rs657597  138188198   14
 06  142.41446694   rs7755566  138290534   15
 06  142.46858483   rs6931591  138341608   16
 06  142.56088894   rs7768419  138345862   17
 06  142.65610297   rs4479955  138368250   18
 06  142.82121805   rs9389549  138384712   19
 06  142.89896970    rs648396  138454962   20
 06  142.96986716   rs9494937  138459708   21
 06  143.04630696   rs4896325  138526622   22
 06  143.15687899    rs203146  138632859   23
 06  143.29837394    rs203142  138698205   24
 06  143.36825732   rs6570234  138781694   25
 06  143.44301358   rs4895527  138807940   26
 06  143.64379457   rs4896370  138860530   27
 06  143.73142883   rs9389586  138865241   28
 06  143.78463607   rs6570242  138882850   29
 06  143.83950402   rs9495144  138942628   30
 06  143.95148286   rs4896381  139037847   31
 06  144.06339041  rs10457675  139092641   32
 06  144.11916476    rs911081  139171906   33
 06  144.18904551   rs9399258  139209272   34
 06  144.24625077   rs6933108  139241583   35
 06  144.30396594   rs9403023  139361410   36
 06  144.38248809   rs6918066  139399308   37
 06  144.44572024  rs10872502  139443167   38
 06  144.52169927  rs17304375  139477571   39
 06  144.69529386   rs7770356  139590739   40
 06  144.86171115   rs9321711  139605315   41
 06  144.94161101   rs9376406  139659446   42
 06  145.29724950   rs4243461  139711824   43
 06  145.55877657   rs9373237  139758634   44
 06  145.61212275   rs2058472  139796819   45
 06  145.69005356   rs7766444  139848440   46
 06  145.78699024   rs7759066  139889414   47
 06  145.84454667   rs2057034  139939760   48
 06  145.90169197   rs1936211  140002345   49
 06  145.95324078   rs9403101  140030709   50
