#Chr    Genpos       Marker     Physpos    Nr
 06  183.93145016   rs2166251  166424773    1
 06  183.98266235   rs2305089  166499260    2
 06  184.09208549  rs12190692  166543244    3
 06  184.14480899   rs4709109  166587851    4
 06  184.26274276   rs6910073  166599064    5
 06  184.49542761   rs6934656  166626111    6
 06  184.63494979   rs2343591  166712395    7
 06  184.69571642   rs9355578  166739764    8
 06  185.06432022   rs9355580  166773503    9
 06  185.15286709   rs3817792  166796618   10
 06  185.20642827    rs734560  166809984   11
 06  185.27479387  rs12524741  166836302   12
 06  185.35315195   rs1894660  166839745   13
 06  185.42010285    rs378373  166848570   14
 06  185.48386027   rs3823204  166893095   15
 06  185.53536669   rs3823196  166932196   16
 06  185.68237311    rs916390  166949125   17
 06  185.74004827   rs6903559  167001809   18
 06  185.79615083   rs6456102  167027434   19
 06  185.89453527    rs760837  167037605   20
 06  185.94533277   rs3734600  167074992   21
 06  186.11668063   rs4710089  167081513   22
 06  186.26017263  rs10946189  167129659   23
 06  186.42276293   rs2881194  167187909   24
 06  186.55318495  rs13216122  167241094   25
 06  186.61708343   rs7755545  167247938   26
 06  186.69772355  rs13213697  167264573   27
 06  186.75388345   rs2757048  167271110   28
 06  186.80647044   rs2149085  167291100   29
 06  186.88326513   rs3798315  167464699   30
 06  187.01251292   rs3093000  167474187   31
 06  187.19517720   rs2180713  167535000   32
 06  187.25791636   rs4709159  167584908   33
 06  187.43042534   rs7749014  167655944   34
 06  187.55769438   rs6934339  167716064   35
 06  187.60981700   rs4364453  167730703   36
 06  187.66452229   rs9364939  167742974   37
 06  188.53660429    rs676740  168044079   38
 06  188.65098524   rs2843011  168131062   39
 06  188.70581228  rs11751451  168156242   40
 06  188.93266697   rs3734900  168200923   41
 06  188.99023885   rs9455952  168242774   42
 06  189.04179488  rs12213265  168253928   43
 06  189.09700741   rs9455576  168274300   44
 06  189.15070268   rs4708668  168282704   45
 06  189.32927336  rs12214678  168294914   46
 06  189.50053619   rs4708445  168323543   47
 06  189.55696490   rs2291098  168372230   48
 06  189.61133350   rs9346682  168428382   49
 06  189.69117751  rs12202943  168443695   50
