#Chr    Genpos       Marker     Physpos    Nr
 06  29.64497248    rs536916   13503537    1
 06  29.72527378    rs551499   13559205    2
 06  29.92137666   rs4712032   13662022    3
 06  29.98078268   rs4715451   13746963    4
 06  30.08080569   rs4715562   13885188    5
 06  30.21515421   rs6899735   13955666    6
 06  30.28710462   rs2274088   14005965    7
 06  30.38255615   rs9382889   14122772    8
 06  30.44558231   rs9476476   14172252    9
 06  30.49783062   rs2092204   14201535   10
 06  30.61728154    rs853372   14251940   11
 06  30.67574089    rs853346   14275177   12
 06  30.79359566   rs2094923   14397061   13
 06  30.90116595   rs7752155   14437626   14
 06  30.95410973    rs737548   14453003   15
 06  31.00831255   rs9476543   14475546   16
 06  31.08025696   rs9367837   14565896   17
 06  31.14291183   rs9396503   14644068   18
 06  31.27717414   rs9370770   14732194   19
 06  31.33326705   rs7747013   14755743   20
 06  31.73171365    rs764650   14820472   21
 06  31.91659239   rs9476648   14851762   22
 06  31.99892092   rs2500081   14880876   23
 06  32.12755099    rs233494   14913493   24
 06  32.20501481   rs6908102   15034299   25
 06  32.26683365   rs6902553   15085185   26
 06  32.46942062   rs2179990   15142268   27
 06  32.73073293   rs6941421   15197130   28
 06  32.78308618   rs9464779   15362784   29
 06  32.84964325  rs13195345   15472409   30
 06  32.90240812   rs2235258   15621461   31
 06  32.97689509   rs2031819   15805095   32
 06  33.03015638   rs1109287   15868623   33
 06  33.16173232    rs522264   15928404   34
 06  33.21182331   rs9296994   16039517   35
 06  33.28157602   rs1891518   16078784   36
 06  33.33587266  rs10498686   16115914   37
 06  33.39152967   rs7767544   16183915   38
 06  33.45878346   rs6459448   16206269   39
 06  33.51507970   rs3757354   16235386   40
 06  33.56569549   rs7742617   16264783   41
 06  33.65194475   rs7748814   16311303   42
 06  33.75991626    rs179993   16429771   43
 06  33.87675158   rs2237217   16484603   44
 06  33.98440492    rs404143   16518165   45
 06  34.06329152  rs10484363   16557283   46
 06  34.22763229   rs2299088   16624171   47
 06  34.29503093   rs9396682   16660781   48
 06  34.35045225   rs9477166   16673171   49
 06  34.40453090    rs236981   16699739   50
