#Chr    Genpos       Marker     Physpos    Nr
 06  34.40453090    rs236981   16699739    1
 06  34.52119666   rs2299070   16735234    2
 06  34.58211314   rs1359067   16804703    3
 06  34.67300673    rs666215   16813630    4
 06  34.75341421    rs707848   16820637    5
 06  34.83165018    rs623897   16877777    6
 06  34.89208909    rs602206   16881361    7
 06  35.11838440   rs1150644   16922283    8
 06  35.32562069    rs927366   17035508    9
 06  35.41248613   rs7755677   17120649   10
 06  35.46380610   rs4360123   17174332   11
 06  35.51723776   rs6914177   17223627   12
 06  35.57823483  rs13217920   17360321   13
 06  35.65977206  rs12216482   17433584   14
 06  35.73870350   rs7773313   17494874   15
 06  35.85397581   rs1555111   17503791   16
 06  35.95289932  rs10807611   17602327   17
 06  36.00990973   rs6925145   17658137   18
 06  36.07992648   rs7743695   17833162   19
 06  36.35638962   rs4712311   17886695   20
 06  36.41616860   rs7766167   18129054   21
 06  36.54024513   rs4294009   18214055   22
 06  36.59072594    rs214596   18316298   23
 06  36.70959112    rs214506   18329450   24
 06  36.80009906   rs1408263   18515722   25
 06  36.90246268   rs4716273   18605757   26
 06  36.95511703   rs1474618   18763549   27
 06  37.00552453   rs9477837   18824800   28
 06  37.07595388   rs6911193   18970761   29
 06  37.13464553   rs9368028   19146111   30
 06  37.18657455   rs9366275   19304470   31
 06  37.24725132   rs9465274   19318396   32
 06  37.30309324   rs6911832   19467133   33
 06  37.35315403   rs6905315   19526102   34
 06  37.53179043   rs4235993   19563856   35
 06  37.76523567    rs760669   19669966   36
 06  37.89353413   rs2328483   19736319   37
 06  38.10847218  rs17547028   19785891   38
 06  38.15856048   rs9465498   19814532   39
 06  38.37475533   rs1047033   19948471   40
 06  38.49557316  rs11754400   19956524   41
 06  38.56182470   rs2328421   20006749   42
 06  38.71745353    rs499899   20109726   43
 06  38.77572684    rs562646   20121370   44
 06  38.82613273    rs602640   20165309   45
 06  38.87710314   rs9348410   20205942   46
 06  39.00923802  rs16883364   20227014   47
 06  39.06503829   rs1202196   20252769   48
 06  39.24494843    rs586124   20279905   49
 06  39.30288551   rs9465656   20308643   50
