#Chr    Genpos       Marker     Physpos    Nr
 06  69.73032470   rs2772395   45629427    1
 06  69.91822092  rs12202314   45638449    2
 06  69.96960676    rs997445   45666411    3
 06  70.02107206   rs9395112   45790784    4
 06  70.10076109  rs16873760   45837367    5
 06  70.16176873   rs9472569   45876769    6
 06  70.27355283  rs12204525   45899891    7
 06  70.33336571  rs10948262   45948582    8
 06  70.43235276   rs6458474   45970206    9
 06  70.48395251  rs10948265   46007361   10
 06  70.54794946   rs3777594   46041116   11
 06  70.60457143   rs3798269   46089921   12
 06  70.69273882   rs1204339   46138499   13
 06  70.81467065   rs1980530   46148846   14
 06  70.89287610   rs6458495   46259707   15
 06  71.01482901  rs10498765   46277932   16
 06  71.08954496   rs9296481   46334203   17
 06  71.17639875   rs9367243   46424071   18
 06  71.22901448   rs1534362   46551887   19
 06  71.28928615  rs10807344   46733594   20
 06  71.42152444  rs10948303   46841062   21
 06  71.47612546   rs6458525   46925941   22
 06  71.54128000   rs1571442   46948720   23
 06  71.60561441   rs6458530   47003117   24
 06  71.66060372   rs4714979   47059624   25
 06  71.74209847   rs1226512   47115222   26
 06  71.80002701   rs1738820   47203156   27
 06  71.90843024   rs9349391   47245694   28
 06  72.08960372    rs714373   47337585   29
 06  72.16660204   rs6901823   47417070   30
 06  72.31022474   rs9395247   47425884   31
 06  72.36093488   rs4715005   47472916   32
 06  72.41106351   rs9369704   47574792   33
 06  72.48813298   rs1890061   47819559   34
 06  72.54614140  rs16876602   47912395   35
 06  72.59703602   rs9381631   47996659   36
 06  72.64915852   rs2180740   48096270   37
 06  72.70194439   rs2456918   48328141   38
 06  72.75778293    rs325052   48402005   39
 06  72.88759376   rs9473361   48504293   40
 06  72.94974135  rs16878078   48837484   41
 06  73.00204865  rs12210871   49072024   42
 06  73.05474445  rs11752910   49388929   43
 06  73.12986518  rs17805607   49619928   44
 06  73.18200489   rs1480617   49688517   45
 06  73.23607216    rs780558   49904870   46
 06  73.30696825   rs4715153   49999217   47
 06  73.37787611    rs628337   50119755   48
 06  73.43873075   rs4715178   50207760   49
 06  73.48951273   rs1126287   50375792   50
