                                                                                
 The results for the pedigree named: 1004                                       
 which is pedigree number:           004                                        
                                                                                
 This haplotype run has the label:   02                                         
 The number of individuals is:       14                                         
                                                                                
  76521                      M 1                                                
  76522                      F 1                                                
  76611                      F 1                                                
M 7661     76611    76521    M 1        11111111111111111111111111111111111111111111111111    02 004 1004
P 7661     76611    76521    M 1        22222222222222222222222222222222222222222222222222    02 004 1004
                                                                                
  7662                       F 1                                                
  7651                       M 1                                                
M 7652     76522    76521    F 1        11111111111111111111111111111111111111111111111111    02 004 1004
P 7652     76522    76521    F 1        22222222222222222222222222222222222222222222222222    02 004 1004
                                                                                
M 6        7662     7661     M 1        11111111111111111111111111111111111111111111111111    02 004 1004
P 6        7662     7661     M 1        11111111111111111111111111111111111111111111111111    02 004 1004
                                                                                
M 5        7652     7651     F 1        11111111111111111111111111111111111111111111111111    02 004 1004
P 5        7652     7651     F 1        11111111111111111111111111111111111111111111111111    02 004 1004
                                                                                
M 11       5        6        F 1        11111111111111111111111111111111111111111111111111    02 004 1004
P 11       5        6        F 1        11111111111111111111111111111111111111111111222222 R  02 004 1004
                                                                                
M 10       5        6        F 1        22222222222222222222222222222222222222222222222222    02 004 1004
P 10       5        6        F 1        11111111111111111111111111111111111111111111111111    02 004 1004
                                                                                
M 9        5        6        M 1        11111111111111111111111111111111111111111111111111    02 004 1004
P 9        5        6        M 1        22222222222222222222222222211111111111111111111111 R  02 004 1004
                                                                                
M 8        5        6        M 1        11111111111111111111111111111111111111111111111111    02 004 1004
P 8        5        6        M 1        11111111111111111111111111111111111111111111111111    02 004 1004
                                                                                
M 7        5        6        M 2        22222222222222222222222222222222222222222222222222    02 004 1004
P 7        5        6        M 2        22222222222222222222222222222222222222222222222222    02 004 1004
                                                                                
________________________________________________________________________________
