51 0 0 5
 0 0.0 0.0 0 
 1 2 3 4 5 6 7 8 9 10 11 12 13 14 15 16 17 18 19 20 21 22 23 24 25 26 27 28 29 30 31 32 33 34 35 36 37 38 39 40 41 42 43 44 45 46 47 48 49 50 51
1  2 	# TRAIT
 0.9999 0.0001
 1
 0.000 0.000 1.000
3  2 	# rs6929762
 0.0787 0.9213
3  2 	# rs6919921
 0.3596 0.6404
3  2 	# rs1398803
 0.1124 0.8876
3  2 	# rs1464072
 0.2472 0.7528
3  2 	# rs6924193
 0.0393 0.9607
3  2 	# rs1224521
 0.0843 0.9157
3  2 	# rs9354442
 0.3371 0.6629
3  2 	# rs183895
 0.3539 0.6461
3  2 	# rs12201073
 0.2809 0.7191
3  2 	# rs4544889
 0.2191 0.7809
3  2 	# rs9354503
 0.1023 0.8977
3  2 	# rs9445804
 0.4382 0.5618
3  2 	# rs16899152
 0.2247 0.7753
3  2 	# rs7766725
 0.2303 0.7697
3  2 	# rs9454120
 0.1854 0.8146
3  2 	# rs856817
 0.1180 0.8820
3  2 	# rs12195466
 0.1011 0.8989
3  2 	# rs1399224
 0.4831 0.5169
3  2 	# rs12153928
 0.2360 0.7640
3  2 	# rs701716
 0.2022 0.7978
3  2 	# rs701713
 0.4607 0.5393
3  2 	# rs7454318
 0.4607 0.5393
3  2 	# rs9454457
 0.3034 0.6966
3  2 	# rs1907149
 0.4270 0.5730
3  2 	# rs6922980
 0.3258 0.6742
3  2 	# rs2802681
 0.0056 0.9944
3  2 	# rs571299
 0.4157 0.5843
3  2 	# rs3798992
 0.4213 0.5787
3  2 	# rs3799039
 0.0618 0.9382
3  2 	# rs9454742
 0.4101 0.5899
3  2 	# rs7752231
 0.0787 0.9213
3  2 	# rs9454900
 0.0899 0.9101
3  2 	# rs16868360
 0.0730 0.9270
3  2 	# rs3828767
 0.4944 0.5056
3  2 	# rs6937838
 0.2303 0.7697
3  2 	# rs9446206
 0.1854 0.8146
3  2 	# rs883708
 0.1573 0.8427
3  2 	# rs1321061
 0.4888 0.5112
3  2 	# rs498373
 0.0899 0.9101
3  2 	# rs7772055
 0.4326 0.5674
3  2 	# rs9446271
 0.1854 0.8146
3  2 	# rs781994
 0.1461 0.8539
3  2 	# rs1619936
 0.4326 0.5674
3  2 	# rs9294882
 0.2640 0.7360
3  2 	# rs13208627
 0.3068 0.6932
3  2 	# rs992998
 0.2472 0.7528
3  2 	# rs9294888
 0.1854 0.8146
3  2 	# rs7748559
 0.4213 0.5787
3  2 	# rs2222722
 0.4326 0.5674
3  2 	# rs12195791
 0.2191 0.7809
 0 0
 0.1  0.000509  0.002620  0.000537  0.000939  0.000541  0.000558  0.001164  0.000581  0.001418  0.000725  0.000730  0.000575  0.001085  0.000507  0.000532  0.000565  0.000913  0.000712  0.000556  0.000667  0.000537  0.000571  0.000852  0.000844  0.001388  0.001003  0.000506  0.000502  0.000722  0.001703  0.000802  0.000503  0.001062  0.000600  0.000646  0.000504  0.000503  0.001189  0.001503  0.000627  0.001244  0.000805  0.001732  0.000528  0.000601  0.000527  0.000632  0.000576  0.000500
 1      2.0  1.0
