51 0 0 5
 0 0.0 0.0 0 
 1 2 3 4 5 6 7 8 9 10 11 12 13 14 15 16 17 18 19 20 21 22 23 24 25 26 27 28 29 30 31 32 33 34 35 36 37 38 39 40 41 42 43 44 45 46 47 48 49 50 51
1  2 	# TRAIT
 0.9999 0.0001
 1
 0.000 0.000 1.000
3  2 	# rs9403101
 0.1966 0.8034
3  2 	# rs6570376
 0.3989 0.6011
3  2 	# rs1028471
 0.1404 0.8596
3  2 	# rs9321772
 0.3652 0.6348
3  2 	# rs1856384
 0.1966 0.8034
3  2 	# rs4385332
 0.4326 0.5674
3  2 	# rs9376609
 0.2022 0.7978
3  2 	# rs13201721
 0.3146 0.6854
3  2 	# rs6913816
 0.1348 0.8652
3  2 	# rs7758295
 0.2416 0.7584
3  2 	# rs9385984
 0.3146 0.6854
3  2 	# rs7765914
 0.2303 0.7697
3  2 	# rs9376683
 0.4551 0.5449
3  2 	# rs9403384
 0.2360 0.7640
3  2 	# rs263156
 0.2303 0.7697
3  2 	# rs9496445
 0.1517 0.8483
3  2 	# rs197508
 0.4831 0.5169
3  2 	# rs12205042
 0.0618 0.9382
3  2 	# rs2095369
 0.4888 0.5112
3  2 	# rs1041654
 0.0506 0.9494
3  2 	# rs199248
 0.0056 0.9944
3  2 	# rs7774011
 0.3989 0.6011
3  2 	# rs3804528
 0.3371 0.6629
3  2 	# rs7740214
 0.2978 0.7022
3  2 	# rs1570350
 0.1348 0.8652
3  2 	# rs9376748
 0.1798 0.8202
3  2 	# rs1038390
 0.1629 0.8371
3  2 	# rs7745861
 0.1685 0.8315
3  2 	# rs9403515
 0.4663 0.5337
3  2 	# rs9403523
 0.3258 0.6742
3  2 	# rs1015341
 0.4045 0.5955
3  2 	# rs9403527
 0.2640 0.7360
3  2 	# rs7742964
 0.3258 0.6742
3  2 	# rs12197107
 0.2809 0.7191
3  2 	# rs9403539
 0.0057 0.9943
3  2 	# rs9321951
 0.3764 0.6236
3  2 	# rs6929066
 0.1854 0.8146
3  2 	# rs12208207
 0.1348 0.8652
3  2 	# rs4896703
 0.2865 0.7135
3  2 	# rs4896706
 0.3371 0.6629
3  2 	# rs636408
 0.2584 0.7416
3  2 	# rs6904422
 0.3427 0.6573
3  2 	# rs4895642
 0.4607 0.5393
3  2 	# rs9496982
 0.1629 0.8371
3  2 	# rs10434890
 0.3539 0.6461
3  2 	# rs9321987
 0.3202 0.6798
3  2 	# rs2297846
 0.4382 0.5618
3  2 	# rs2050719
 0.3933 0.6067
3  2 	# rs6913592
 0.3876 0.6124
3  2 	# rs649933
 0.1461 0.8539
 0 0
 0.1  0.000588  0.000500  0.000504  0.000507  0.000551  0.000504  0.000519  0.000857  0.000748  0.002420  0.000524  0.000973  0.001168  0.001303  0.001267  0.001757  0.001113  0.000597  0.000521  0.000613  0.000849  0.000554  0.000896  0.000503  0.002352  0.000558  0.000542  0.000531  0.000517  0.000677  0.001073  0.000896  0.000780  0.000523  0.001613  0.000596  0.000681  0.000646  0.000842  0.001539  0.000511  0.000710  0.003187  0.000507  0.000614  0.000511  0.000574  0.001146  0.000559
 1      2.0  1.0
