51 0 0 5
 0 0.0 0.0 0 
 1 2 3 4 5 6 7 8 9 10 11 12 13 14 15 16 17 18 19 20 21 22 23 24 25 26 27 28 29 30 31 32 33 34 35 36 37 38 39 40 41 42 43 44 45 46 47 48 49 50 51
1  2 	# TRAIT
 0.9999 0.0001
 1
 0.000 0.000 1.000
3  2 	# rs10457375
 0.3483 0.6517
3  2 	# rs9320751
 0.2978 0.7022
3  2 	# rs4535586
 0.3652 0.6348
3  2 	# rs17082686
 0.0618 0.9382
3  2 	# rs12194792
 0.3764 0.6236
3  2 	# rs4535587
 0.0674 0.9326
3  2 	# rs9387916
 0.3258 0.6742
3  2 	# rs9482157
 0.3876 0.6124
3  2 	# rs2389541
 0.3034 0.6966
3  2 	# rs6925183
 0.4775 0.5225
3  2 	# rs4523118
 0.4157 0.5843
3  2 	# rs1034443
 0.3764 0.6236
3  2 	# rs2679699
 0.3315 0.6685
3  2 	# rs9388041
 0.1742 0.8258
3  2 	# rs2094574
 0.3483 0.6517
3  2 	# rs9398679
 0.3764 0.6236
3  2 	# rs6913003
 0.1067 0.8933
3  2 	# rs9490545
 0.3258 0.6742
3  2 	# rs9375185
 0.3933 0.6067
3  2 	# rs11154116
 0.1236 0.8764
3  2 	# rs4962262
 0.3483 0.6517
3  2 	# rs9401609
 0.4270 0.5730
3  2 	# rs7754344
 0.1573 0.8427
3  2 	# rs9375219
 0.3315 0.6685
3  2 	# rs6916837
 0.4888 0.5112
3  2 	# rs6569329
 0.4831 0.5169
3  2 	# rs7746138
 0.0618 0.9382
3  2 	# rs9482391
 0.1011 0.8989
3  2 	# rs13212480
 0.0787 0.9213
3  2 	# rs9385304
 0.4831 0.5169
3  2 	# rs7760343
 0.2472 0.7528
3  2 	# rs2611432
 0.0899 0.9101
3  2 	# rs342616
 0.3933 0.6067
3  2 	# rs928529
 0.4551 0.5449
3  2 	# rs12191883
 0.4551 0.5449
3  2 	# rs6936906
 0.2809 0.7191
3  2 	# rs2318064
 0.4663 0.5337
3  2 	# rs12196932
 0.3258 0.6742
3  2 	# rs9320967
 0.1798 0.8202
3  2 	# rs7742884
 0.4551 0.5449
3  2 	# rs2064687
 0.3146 0.6854
3  2 	# rs163286
 0.1629 0.8371
3  2 	# rs713215
 0.2360 0.7640
3  2 	# rs2626131
 0.2697 0.7303
3  2 	# rs332611
 0.2472 0.7528
3  2 	# rs688197
 0.1461 0.8539
3  2 	# rs535492
 0.3483 0.6517
3  2 	# rs527307
 0.3427 0.6573
3  2 	# rs635837
 0.2191 0.7809
3  2 	# rs6932501
 0.2809 0.7191
 0 0
 0.1  0.000577  0.000516  0.000526  0.000547  0.000666  0.000542  0.001180  0.000589  0.000546  0.002475  0.000843  0.000666  0.000503  0.000510  0.000612  0.000502  0.000745  0.002233  0.000636  0.000568  0.000634  0.000636  0.000621  0.000822  0.000533  0.000961  0.000647  0.001468  0.001127  0.001393  0.000678  0.002118  0.000933  0.000660  0.000951  0.000521  0.000544  0.000666  0.000698  0.002451  0.000518  0.002103  0.001853  0.000504  0.000501  0.000807  0.000694  0.000502  0.001569
 1      2.0  1.0
