51 0 0 5
 0 0.0 0.0 0 
 1 2 3 4 5 6 7 8 9 10 11 12 13 14 15 16 17 18 19 20 21 22 23 24 25 26 27 28 29 30 31 32 33 34 35 36 37 38 39 40 41 42 43 44 45 46 47 48 49 50 51
1  2 	# TRAIT
 0.9999 0.0001
 1
 0.000 0.000 1.000
3  2 	# rs478791
 0.1236 0.8764
3  2 	# rs6456719
 0.3034 0.6966
3  2 	# rs4711127
 0.4831 0.5169
3  2 	# rs13214666
 0.0169 0.9831
3  2 	# rs3798727
 0.2697 0.7303
3  2 	# rs2182336
 0.0674 0.9326
3  2 	# rs9393992
 0.4326 0.5674
3  2 	# rs11964334
 0.0674 0.9326
3  2 	# rs9791189
 0.3371 0.6629
3  2 	# rs4713432
 0.2640 0.7360
3  2 	# rs3798752
 0.4551 0.5449
3  2 	# rs9461735
 0.0674 0.9326
3  2 	# rs9469223
 0.0169 0.9831
3  2 	# rs471693
 0.3315 0.6685
3  2 	# rs549655
 0.4775 0.5225
3  2 	# rs3734273
 0.2865 0.7135
3  2 	# rs6903956
 0.0562 0.9438
3  2 	# rs2235384
 0.4270 0.5730
3  2 	# rs4713922
 0.4270 0.5730
3  2 	# rs9368918
 0.1573 0.8427
3  2 	# rs9357221
 0.3933 0.6067
3  2 	# rs169713
 0.1124 0.8876
3  2 	# rs1570989
 0.2753 0.7247
3  2 	# rs10947819
 0.1910 0.8090
3  2 	# rs4714268
 0.4045 0.5955
3  2 	# rs219988
 0.2809 0.7191
3  2 	# rs7749495
 0.1854 0.8146
3  2 	# rs9394696
 0.4382 0.5618
3  2 	# rs9380978
 0.1966 0.8034
3  2 	# rs9381015
 0.3933 0.6067
3  2 	# rs1931550
 0.0674 0.9326
3  2 	# rs6458229
 0.3258 0.6742
3  2 	# rs7740766
 0.2753 0.7247
3  2 	# rs4714604
 0.2135 0.7865
3  2 	# rs12199205
 0.2528 0.7472
3  2 	# rs6920298
 0.2022 0.7978
3  2 	# rs6927364
 0.0899 0.9101
3  2 	# rs519167
 0.1348 0.8652
3  2 	# rs475543
 0.0899 0.9101
3  2 	# rs6458461
 0.0393 0.9607
3  2 	# rs12528956
 0.0056 0.9944
3  2 	# rs7454157
 0.0787 0.9213
3  2 	# rs6922782
 0.1011 0.8989
3  2 	# rs9463377
 0.0562 0.9438
3  2 	# rs1223521
 0.0899 0.9101
3  2 	# rs6458720
 0.2865 0.7135
3  2 	# rs1512414
 0.4045 0.5955
3  2 	# rs2496132
 0.1067 0.8933
3  2 	# rs497505
 0.3034 0.6966
3  2 	# rs536916
 0.4326 0.5674
 0 0
 0.1  0.000869  0.000841  0.001726  0.000670  0.000530  0.001769  0.002322  0.000541  0.001698  0.000877  0.000615  0.000559  0.000933  0.000616  0.001151  0.001131  0.000604  0.001090  0.001066  0.001970  0.001771  0.000639  0.000569  0.001204  0.001384  0.000616  0.001140  0.000753  0.000719  0.000528  0.002080  0.000501  0.000676  0.000530  0.001202  0.000773  0.000937  0.000742  0.001049  0.000574  0.001186  0.000524  0.000562  0.000677  0.001770  0.000513  0.000761  0.000960  0.001711
 1      2.0  1.0
