51 0 0 5
 0 0.0 0.0 0 
 1 2 3 4 5 6 7 8 9 10 11 12 13 14 15 16 17 18 19 20 21 22 23 24 25 26 27 28 29 30 31 32 33 34 35 36 37 38 39 40 41 42 43 44 45 46 47 48 49 50 51
1  2 	# TRAIT
 0.9999 0.0001
 1
 0.000 0.000 1.000
3  2 	# rs217520
 0.3764 0.6236
3  2 	# rs6903501
 0.3427 0.6573
3  2 	# rs6911407
 0.2360 0.7640
3  2 	# rs517924
 0.1461 0.8539
3  2 	# rs6928805
 0.4775 0.5225
3  2 	# rs541020
 0.3820 0.6180
3  2 	# rs471422
 0.3371 0.6629
3  2 	# rs12195848
 0.0225 0.9775
3  2 	# rs351739
 0.3371 0.6629
3  2 	# rs11759269
 0.4494 0.5506
3  2 	# rs12181780
 0.1067 0.8933
3  2 	# rs10499054
 0.3258 0.6742
3  2 	# rs6903208
 0.3539 0.6461
3  2 	# rs9487258
 0.0843 0.9157
3  2 	# rs2503772
 0.3034 0.6966
3  2 	# rs2505039
 0.1573 0.8427
3  2 	# rs9372248
 0.2022 0.7978
3  2 	# rs976471
 0.4045 0.5955
3  2 	# rs9374167
 0.2303 0.7697
3  2 	# rs3823447
 0.0116 0.9884
3  2 	# rs2428175
 0.1461 0.8539
3  2 	# rs2023705
 0.1067 0.8933
3  2 	# rs9487444
 0.1011 0.8989
3  2 	# rs7768897
 0.3315 0.6685
3  2 	# rs13202203
 0.1629 0.8371
3  2 	# rs9320356
 0.1517 0.8483
3  2 	# rs17606253
 0.0337 0.9663
3  2 	# rs11153298
 0.4607 0.5393
3  2 	# rs9387018
 0.4831 0.5169
3  2 	# rs1794821
 0.0899 0.9101
3  2 	# rs809193
 0.3820 0.6180
3  2 	# rs2182644
 0.1404 0.8596
3  2 	# rs9387058
 0.2303 0.7697
3  2 	# rs1028122
 0.2472 0.7528
3  2 	# rs925755
 0.0506 0.9494
3  2 	# rs1160798
 0.1180 0.8820
3  2 	# rs6913656
 0.4775 0.5225
3  2 	# rs4945899
 0.3708 0.6292
3  2 	# rs6935727
 0.1573 0.8427
3  2 	# rs9400534
 0.3596 0.6404
3  2 	# rs1150092
 0.0955 0.9045
3  2 	# rs9398318
 0.1236 0.8764
3  2 	# rs4947192
 0.4663 0.5337
3  2 	# rs9320418
 0.0674 0.9326
3  2 	# rs2127965
 0.3090 0.6910
3  2 	# rs9488105
 0.4775 0.5225
3  2 	# rs9488119
 0.0730 0.9270
3  2 	# rs9488159
 0.4663 0.5337
3  2 	# rs620611
 0.1966 0.8034
3  2 	# rs7769338
 0.3258 0.6742
 0 0
 0.1  0.000538  0.000654  0.000532  0.002191  0.000806  0.000502  0.001427  0.001249  0.000566  0.000882  0.000645  0.001209  0.001124  0.001379  0.001510  0.000540  0.002048  0.001263  0.000668  0.000863  0.000796  0.000596  0.000531  0.000520  0.001570  0.001083  0.000536  0.000566  0.000568  0.000533  0.000508  0.000504  0.000614  0.001199  0.000545  0.000735  0.000888  0.000833  0.001577  0.002021  0.000767  0.001025  0.000576  0.000625  0.000784  0.000657  0.000540  0.000950  0.000602
 1      2.0  1.0
