51 0 0 5
 0 0.0 0.0 0 
 1 2 3 4 5 6 7 8 9 10 11 12 13 14 15 16 17 18 19 20 21 22 23 24 25 26 27 28 29 30 31 32 33 34 35 36 37 38 39 40 41 42 43 44 45 46 47 48 49 50 51
1  2 	# TRAIT
 0.9999 0.0001
 1
 0.000 0.000 1.000
3  2 	# rs4897336
 0.4045 0.5955
3  2 	# rs4895856
 0.1292 0.8708
3  2 	# rs9492408
 0.0056 0.9944
3  2 	# rs1577910
 0.4607 0.5393
3  2 	# rs1544144
 0.2022 0.7978
3  2 	# rs4897370
 0.4494 0.5506
3  2 	# rs2326951
 0.4270 0.5730
3  2 	# rs12206915
 0.4438 0.5562
3  2 	# rs13218932
 0.0562 0.9438
3  2 	# rs12197132
 0.2303 0.7697
3  2 	# rs1203356
 0.4888 0.5112
3  2 	# rs9321242
 0.1854 0.8146
3  2 	# rs4895890
 0.2360 0.7640
3  2 	# rs9402269
 0.0618 0.9382
3  2 	# rs12210303
 0.4270 0.5730
3  2 	# rs9375791
 0.2247 0.7753
3  2 	# rs497082
 0.3864 0.6136
3  2 	# rs1746469
 0.2303 0.7697
3  2 	# rs9483246
 0.2528 0.7472
3  2 	# rs11965227
 0.0899 0.9101
3  2 	# rs2179771
 0.1742 0.8258
3  2 	# rs9493012
 0.0225 0.9775
3  2 	# rs9493050
 0.3427 0.6573
3  2 	# rs7759504
 0.4438 0.5562
3  2 	# rs766592
 0.1629 0.8371
3  2 	# rs6926970
 0.0618 0.9382
3  2 	# rs7754561
 0.4551 0.5449
3  2 	# rs9373002
 0.2416 0.7584
3  2 	# rs6940184
 0.3539 0.6461
3  2 	# rs928501
 0.0899 0.9101
3  2 	# rs1206737
 0.2247 0.7753
3  2 	# rs12529280
 0.3090 0.6910
3  2 	# rs3927419
 0.3371 0.6629
3  2 	# rs604196
 0.3315 0.6685
3  2 	# rs13196312
 0.1910 0.8090
3  2 	# rs9385608
 0.3989 0.6011
3  2 	# rs1044083
 0.1685 0.8315
3  2 	# rs2153177
 0.2640 0.7360
3  2 	# rs4305745
 0.3539 0.6461
3  2 	# rs7759004
 0.0899 0.9101
3  2 	# rs2745432
 0.0787 0.9213
3  2 	# rs6569828
 0.2921 0.7079
3  2 	# rs7738071
 0.0562 0.9438
3  2 	# rs6904471
 0.1517 0.8483
3  2 	# rs271167
 0.2978 0.7022
3  2 	# rs12196256
 0.1573 0.8427
3  2 	# rs17062270
 0.3989 0.6011
3  2 	# rs211605
 0.3989 0.6011
3  2 	# rs211598
 0.0899 0.9101
3  2 	# rs568911
 0.4270 0.5730
 0 0
 0.1  0.001407  0.000679  0.001094  0.000701  0.001787  0.001128  0.000520  0.000880  0.000511  0.001320  0.001614  0.000892  0.000532  0.001020  0.000511  0.001629  0.000655  0.000607  0.000528  0.001001  0.000532  0.001377  0.000565  0.000848  0.000765  0.000713  0.000937  0.000679  0.000514  0.000605  0.000820  0.001233  0.000523  0.000554  0.001649  0.001365  0.000738  0.001747  0.001600  0.000601  0.001488  0.001084  0.000519  0.000528  0.000564  0.000524  0.000500  0.000596  0.000526
 1      2.0  1.0
