51 0 0 5
 0 0.0 0.0 0 
 1 2 3 4 5 6 7 8 9 10 11 12 13 14 15 16 17 18 19 20 21 22 23 24 25 26 27 28 29 30 31 32 33 34 35 36 37 38 39 40 41 42 43 44 45 46 47 48 49 50 51
1  2 	# TRAIT
 0.9999 0.0001
 1
 0.000 0.000 1.000
3  2 	# rs12195791
 0.2191 0.7809
3  2 	# rs9446418
 0.2697 0.7303
3  2 	# rs1328706
 0.4326 0.5674
3  2 	# rs1536764
 0.4270 0.5730
3  2 	# rs2013821
 0.2865 0.7135
3  2 	# rs535807
 0.3315 0.6685
3  2 	# rs10455256
 0.0843 0.9157
3  2 	# rs2781567
 0.3427 0.6573
3  2 	# rs2781564
 0.4551 0.5449
3  2 	# rs7772714
 0.4438 0.5562
3  2 	# rs2840794
 0.0562 0.9438
3  2 	# rs7775641
 0.4326 0.5674
3  2 	# rs6927484
 0.0281 0.9719
3  2 	# rs1317537
 0.3539 0.6461
3  2 	# rs10943073
 0.4775 0.5225
3  2 	# rs9351963
 0.4157 0.5843
3  2 	# rs6933440
 0.2584 0.7416
3  2 	# rs6453644
 0.1180 0.8820
3  2 	# rs2603472
 0.1573 0.8427
3  2 	# rs9360664
 0.1348 0.8652
3  2 	# rs7761170
 0.1966 0.8034
3  2 	# rs10498893
 0.3146 0.6854
3  2 	# rs9293937
 0.2416 0.7584
3  2 	# rs3005511
 0.4663 0.5337
3  2 	# rs4708114
 0.2416 0.7584
3  2 	# rs2635117
 0.4607 0.5393
3  2 	# rs13193570
 0.0281 0.9719
3  2 	# rs2992983
 0.4607 0.5393
3  2 	# rs2883136
 0.2921 0.7079
3  2 	# rs6453809
 0.1067 0.8933
3  2 	# rs636885
 0.1292 0.8708
3  2 	# rs240734
 0.3876 0.6124
3  2 	# rs240366
 0.0618 0.9382
3  2 	# rs2951928
 0.2809 0.7191
3  2 	# rs3798447
 0.3596 0.6404
3  2 	# rs11754389
 0.0506 0.9494
3  2 	# rs4708201
 0.4213 0.5787
3  2 	# rs1933483
 0.1798 0.8202
3  2 	# rs2451593
 0.4775 0.5225
3  2 	# rs4235898
 0.1798 0.8202
3  2 	# rs4441926
 0.1404 0.8596
3  2 	# rs9361100
 0.1348 0.8652
3  2 	# rs9343476
 0.2022 0.7978
3  2 	# rs1016555
 0.3708 0.6292
3  2 	# rs13216684
 0.4326 0.5674
3  2 	# rs7767310
 0.3258 0.6742
3  2 	# rs9447983
 0.4213 0.5787
3  2 	# rs13210682
 0.0056 0.9944
3  2 	# rs9361235
 0.0730 0.9270
3  2 	# rs1304885
 0.4101 0.5899
 0 0
 0.1  0.000509  0.002004  0.000574  0.000541  0.000560  0.000547  0.000601  0.001147  0.001636  0.000861  0.000508  0.000573  0.000608  0.000784  0.000613  0.001153  0.001714  0.000738  0.000935  0.001104  0.000657  0.001422  0.000669  0.000516  0.000534  0.000565  0.000503  0.001480  0.000618  0.000566  0.001976  0.000981  0.000674  0.000530  0.000828  0.000700  0.000593  0.000812  0.001452  0.001021  0.000501  0.000505  0.000788  0.000526  0.000512  0.000562  0.000585  0.001228  0.000516
 1      2.0  1.0
