51 0 0 5
 0 0.0 0.0 0 
 1 2 3 4 5 6 7 8 9 10 11 12 13 14 15 16 17 18 19 20 21 22 23 24 25 26 27 28 29 30 31 32 33 34 35 36 37 38 39 40 41 42 43 44 45 46 47 48 49 50 51
1  2 	# TRAIT
 0.9999 0.0001
 1
 0.000 0.000 1.000
3  2 	# rs1744061
 0.1011 0.8989
3  2 	# rs276550
 0.2640 0.7360
3  2 	# rs276467
 0.1573 0.8427
3  2 	# rs9376267
 0.3933 0.6067
3  2 	# rs17321070
 0.0511 0.9489
3  2 	# rs2797667
 0.1854 0.8146
3  2 	# rs9402884
 0.2753 0.7247
3  2 	# rs1591208
 0.3034 0.6966
3  2 	# rs7767115
 0.4494 0.5506
3  2 	# rs9321619
 0.3596 0.6404
3  2 	# rs487438
 0.3202 0.6798
3  2 	# rs6917441
 0.4775 0.5225
3  2 	# rs643746
 0.2022 0.7978
3  2 	# rs657597
 0.2191 0.7809
3  2 	# rs7755566
 0.1798 0.8202
3  2 	# rs6931591
 0.0955 0.9045
3  2 	# rs7768419
 0.0506 0.9494
3  2 	# rs4479955
 0.1404 0.8596
3  2 	# rs9389549
 0.2303 0.7697
3  2 	# rs648396
 0.3933 0.6067
3  2 	# rs9494937
 0.3820 0.6180
3  2 	# rs4896325
 0.4775 0.5225
3  2 	# rs203146
 0.2921 0.7079
3  2 	# rs203142
 0.0618 0.9382
3  2 	# rs6570234
 0.1180 0.8820
3  2 	# rs4895527
 0.3427 0.6573
3  2 	# rs4896370
 0.4545 0.5455
3  2 	# rs9389586
 0.3989 0.6011
3  2 	# rs6570242
 0.4831 0.5169
3  2 	# rs9495144
 0.0506 0.9494
3  2 	# rs4896381
 0.0955 0.9045
3  2 	# rs10457675
 0.1124 0.8876
3  2 	# rs911081
 0.1180 0.8820
3  2 	# rs9399258
 0.4944 0.5056
3  2 	# rs6933108
 0.2303 0.7697
3  2 	# rs9403023
 0.2528 0.7472
3  2 	# rs6918066
 0.1067 0.8933
3  2 	# rs10872502
 0.2978 0.7022
3  2 	# rs17304375
 0.2191 0.7809
3  2 	# rs7770356
 0.2472 0.7528
3  2 	# rs9321711
 0.0056 0.9944
3  2 	# rs9376406
 0.4270 0.5730
3  2 	# rs4243461
 0.3483 0.6517
3  2 	# rs9373237
 0.4213 0.5787
3  2 	# rs2058472
 0.0056 0.9944
3  2 	# rs7766444
 0.2697 0.7303
3  2 	# rs7759066
 0.1404 0.8596
3  2 	# rs2057034
 0.2135 0.7865
3  2 	# rs1936211
 0.4607 0.5393
3  2 	# rs9403101
 0.1966 0.8034
 0 0
 0.1  0.000545  0.000512  0.001132  0.001504  0.001345  0.001483  0.001820  0.001054  0.000900  0.000529  0.000509  0.000563  0.000611  0.000762  0.000541  0.000922  0.000951  0.001648  0.000777  0.000708  0.000764  0.001104  0.001413  0.000698  0.000747  0.002004  0.000876  0.000532  0.000548  0.001119  0.001118  0.000557  0.000698  0.000572  0.000577  0.000785  0.000632  0.000759  0.001733  0.001661  0.000798  0.003544  0.002608  0.000533  0.000779  0.000968  0.000575  0.000571  0.000515
 1      2.0  1.0
