51 0 0 5
 0 0.0 0.0 0 
 1 2 3 4 5 6 7 8 9 10 11 12 13 14 15 16 17 18 19 20 21 22 23 24 25 26 27 28 29 30 31 32 33 34 35 36 37 38 39 40 41 42 43 44 45 46 47 48 49 50 51
1  2 	# TRAIT
 0.9999 0.0001
 1
 0.000 0.000 1.000
3  2 	# rs4642484
 0.0674 0.9326
3  2 	# rs11155282
 0.3146 0.6854
3  2 	# rs2474251
 0.3315 0.6685
3  2 	# rs12201659
 0.2584 0.7416
3  2 	# rs6570574
 0.2640 0.7360
3  2 	# rs924974
 0.3820 0.6180
3  2 	# rs1506084
 0.2528 0.7472
3  2 	# rs3798492
 0.3933 0.6067
3  2 	# rs9377236
 0.2697 0.7303
3  2 	# rs1338161
 0.2079 0.7921
3  2 	# rs2579931
 0.0730 0.9270
3  2 	# rs1856309
 0.0787 0.9213
3  2 	# rs2749060
 0.4157 0.5843
3  2 	# rs2021678
 0.1742 0.8258
3  2 	# rs1415485
 0.4157 0.5843
3  2 	# rs17062422
 0.1292 0.8708
3  2 	# rs9498691
 0.3933 0.6067
3  2 	# rs1475922
 0.0955 0.9045
3  2 	# rs2782908
 0.3989 0.6011
3  2 	# rs3849205
 0.4888 0.5112
3  2 	# rs6909610
 0.4775 0.5225
3  2 	# rs4334996
 0.0955 0.9045
3  2 	# rs6928093
 0.2303 0.7697
3  2 	# rs7769811
 0.2472 0.7528
3  2 	# rs9390890
 0.0955 0.9045
3  2 	# rs7761003
 0.1348 0.8652
3  2 	# rs9404303
 0.2528 0.7472
3  2 	# rs12205502
 0.3820 0.6180
3  2 	# rs2742702
 0.2247 0.7753
3  2 	# rs17624545
 0.1348 0.8652
3  2 	# rs2506754
 0.1348 0.8652
3  2 	# rs9404464
 0.3708 0.6292
3  2 	# rs4335016
 0.1629 0.8371
3  2 	# rs13362595
 0.1910 0.8090
3  2 	# rs2205746
 0.2303 0.7697
3  2 	# rs859980
 0.1742 0.8258
3  2 	# rs12203539
 0.2557 0.7443
3  2 	# rs6942087
 0.1067 0.8933
3  2 	# rs4946463
 0.3764 0.6236
3  2 	# rs450996
 0.4831 0.5169
3  2 	# rs6910034
 0.2640 0.7360
3  2 	# rs2153127
 0.3820 0.6180
3  2 	# rs221626
 0.2247 0.7753
3  2 	# rs768781
 0.1124 0.8876
3  2 	# rs1765924
 0.1910 0.8090
3  2 	# rs1189924
 0.3764 0.6236
3  2 	# rs1617445
 0.3371 0.6629
3  2 	# rs9500087
 0.0787 0.9213
3  2 	# rs6909720
 0.0225 0.9775
3  2 	# rs1269287
 0.0506 0.9494
 0 0
 0.1  0.001102  0.000806  0.001199  0.001226  0.000734  0.000598  0.001756  0.000695  0.001008  0.000785  0.001108  0.000709  0.000906  0.001927  0.000837  0.001597  0.000914  0.000507  0.000789  0.001359  0.000502  0.000700  0.000523  0.001758  0.000501  0.000523  0.000820  0.000572  0.000509  0.002106  0.000532  0.001154  0.000970  0.002212  0.000511  0.000872  0.001413  0.000572  0.000823  0.000687  0.000502  0.000650  0.000807  0.001390  0.000943  0.000979  0.000645  0.001049  0.000560
 1      2.0  1.0
