51 0 0 5
 0 0.0 0.0 0 
 1 2 3 4 5 6 7 8 9 10 11 12 13 14 15 16 17 18 19 20 21 22 23 24 25 26 27 28 29 30 31 32 33 34 35 36 37 38 39 40 41 42 43 44 45 46 47 48 49 50 51
1  2 	# TRAIT
 0.9999 0.0001
 1
 0.000 0.000 1.000
3  2 	# rs154972
 0.0730 0.9270
3  2 	# rs23544
 0.4438 0.5562
3  2 	# rs2395300
 0.4270 0.5730
3  2 	# rs9277027
 0.3652 0.6348
3  2 	# rs422544
 0.3034 0.6966
3  2 	# rs2395349
 0.2978 0.7022
3  2 	# rs1003979
 0.1292 0.8708
3  2 	# rs457565
 0.3764 0.6236
3  2 	# rs7748370
 0.0674 0.9326
3  2 	# rs420361
 0.1629 0.8371
3  2 	# rs6935686
 0.4438 0.5562
3  2 	# rs11759011
 0.1124 0.8876
3  2 	# rs1535948
 0.3427 0.6573
3  2 	# rs9296100
 0.4157 0.5843
3  2 	# rs6926872
 0.4205 0.5795
3  2 	# rs9394178
 0.1742 0.8258
3  2 	# rs9394180
 0.3989 0.6011
3  2 	# rs4713731
 0.2865 0.7135
3  2 	# rs9469670
 0.2640 0.7360
3  2 	# rs2499689
 0.0955 0.9045
3  2 	# rs1109654
 0.4944 0.5056
3  2 	# rs7742369
 0.1236 0.8764
3  2 	# rs10947494
 0.2640 0.7360
3  2 	# rs9394222
 0.2557 0.7443
3  2 	# rs3800471
 0.1067 0.8933
3  2 	# rs4713813
 0.4326 0.5674
3  2 	# rs2744963
 0.2416 0.7584
3  2 	# rs2820229
 0.3371 0.6629
3  2 	# rs1040436
 0.2247 0.7753
3  2 	# rs7744287
 0.3652 0.6348
3  2 	# rs1075092
 0.3596 0.6404
3  2 	# rs7753322
 0.2865 0.7135
3  2 	# rs9296168
 0.2135 0.7865
3  2 	# rs11965835
 0.0955 0.9045
3  2 	# rs1059227
 0.0506 0.9494
3  2 	# rs9368920
 0.2978 0.7022
3  2 	# rs9470247
 0.0056 0.9944
3  2 	# rs4713956
 0.4888 0.5112
3  2 	# rs1555429
 0.4382 0.5618
3  2 	# rs2234071
 0.3539 0.6461
3  2 	# rs1321313
 0.1236 0.8764
3  2 	# rs6457940
 0.2472 0.7528
3  2 	# rs9470387
 0.2416 0.7584
3  2 	# rs9296197
 0.2191 0.7809
3  2 	# rs1632649
 0.2921 0.7079
3  2 	# rs707542
 0.4775 0.5225
3  2 	# rs16868759
 0.1629 0.8371
3  2 	# rs4714032
 0.4888 0.5112
3  2 	# rs831486
 0.4831 0.5169
3  2 	# rs9296211
 0.1348 0.8652
 0 0
 0.1  0.000546  0.001720  0.000824  0.001071  0.000595  0.000526  0.000661  0.000531  0.000606  0.000523  0.000552  0.000742  0.001189  0.000747  0.001432  0.001957  0.000533  0.003052  0.000579  0.000513  0.001667  0.000621  0.000518  0.000527  0.000608  0.000752  0.000656  0.000551  0.001196  0.001108  0.000601  0.000806  0.000511  0.000737  0.001317  0.000501  0.000615  0.001408  0.002035  0.001304  0.000510  0.000520  0.002959  0.000530  0.001286  0.000725  0.000952  0.000556  0.000546
 1      2.0  1.0
