41 0 0 5
 0 0.0 0.0 0 
 1 2 3 4 5 6 7 8 9 10 11 12 13 14 15 16 17 18 19 20 21 22 23 24 25 26 27 28 29 30 31 32 33 34 35 36 37 38 39 40 41
1  2 	# TRAIT
 0.9999 0.0001
 1
 0.000 0.000 1.000
3  2 	# rs12202943
 0.0674 0.9326
3  2 	# rs1551988
 0.1573 0.8427
3  2 	# rs4292501
 0.2079 0.7921
3  2 	# rs2609299
 0.3090 0.6910
3  2 	# rs2749266
 0.3708 0.6292
3  2 	# rs9456183
 0.1798 0.8202
3  2 	# rs11969025
 0.1517 0.8483
3  2 	# rs3734421
 0.1517 0.8483
3  2 	# rs911946
 0.2472 0.7528
3  2 	# rs677107
 0.0787 0.9213
3  2 	# rs9364289
 0.1011 0.8989
3  2 	# rs9364309
 0.4213 0.5787
3  2 	# rs9294935
 0.3708 0.6292
3  2 	# rs4596451
 0.2191 0.7809
3  2 	# rs9294943
 0.3764 0.6236
3  2 	# rs12193635
 0.2753 0.7247
3  2 	# rs9346612
 0.3820 0.6180
3  2 	# rs9688959
 0.3090 0.6910
3  2 	# rs1132782
 0.0966 0.9034
3  2 	# rs9379341
 0.3034 0.6966
3  2 	# rs6605524
 0.1180 0.8820
3  2 	# rs9717830
 0.2640 0.7360
3  2 	# rs9294983
 0.1742 0.8258
3  2 	# rs9406330
 0.2809 0.7191
3  2 	# rs9283852
 0.1629 0.8371
3  2 	# rs7741251
 0.0618 0.9382
3  2 	# rs4716360
 0.2697 0.7303
3  2 	# rs9478102
 0.0337 0.9663
3  2 	# rs6904219
 0.0787 0.9213
3  2 	# rs4710807
 0.2865 0.7135
3  2 	# rs1532389
 0.2697 0.7303
3  2 	# rs10946292
 0.3315 0.6685
3  2 	# rs4710758
 0.3764 0.6236
3  2 	# rs745285
 0.4382 0.5618
3  2 	# rs7763013
 0.4944 0.5056
3  2 	# rs7771267
 0.0955 0.9045
3  2 	# rs2983222
 0.3820 0.6180
3  2 	# rs6909300
 0.1124 0.8876
3  2 	# rs10806879
 0.0506 0.9494
3  2 	# rs9356658
 0.2191 0.7809
 0 0
 0.1  0.001378  0.000585  0.000647  0.000662  0.000830  0.000559  0.000632  0.000649  0.000564  0.000512  0.000806  0.000607  0.000733  0.001247  0.000503  0.002004  0.002379  0.000529  0.000568  0.000550  0.000626  0.001720  0.001172  0.000733  0.000532  0.000529  0.000502  0.000582  0.002134  0.000597  0.000825  0.000525  0.001406  0.001200  0.000517  0.000516  0.000693  0.000834  0.000517
 1      2.0  1.0
