51 0 0 5
 0 0.0 0.0 0 
 1 2 3 4 5 6 7 8 9 10 11 12 13 14 15 16 17 18 19 20 21 22 23 24 25 26 27 28 29 30 31 32 33 34 35 36 37 38 39 40 41 42 43 44 45 46 47 48 49 50 51
1  2 	# TRAIT
 0.9999 0.0001
 1
 0.000 0.000 1.000
3  2 	# rs2772395
 0.2584 0.7416
3  2 	# rs12202314
 0.1966 0.8034
3  2 	# rs997445
 0.0506 0.9494
3  2 	# rs9395112
 0.5000 0.5000
3  2 	# rs16873760
 0.0281 0.9719
3  2 	# rs9472569
 0.4157 0.5843
3  2 	# rs12204525
 0.3539 0.6461
3  2 	# rs10948262
 0.1236 0.8764
3  2 	# rs6458474
 0.4438 0.5562
3  2 	# rs10948265
 0.3876 0.6124
3  2 	# rs3777594
 0.2584 0.7416
3  2 	# rs3798269
 0.3989 0.6011
3  2 	# rs1204339
 0.3820 0.6180
3  2 	# rs1980530
 0.3652 0.6348
3  2 	# rs6458495
 0.4157 0.5843
3  2 	# rs10498765
 0.1742 0.8258
3  2 	# rs9296481
 0.2640 0.7360
3  2 	# rs9367243
 0.3652 0.6348
3  2 	# rs1534362
 0.2697 0.7303
3  2 	# rs10807344
 0.1067 0.8933
3  2 	# rs10948303
 0.1742 0.8258
3  2 	# rs6458525
 0.4270 0.5730
3  2 	# rs1571442
 0.0506 0.9494
3  2 	# rs6458530
 0.1404 0.8596
3  2 	# rs4714979
 0.1348 0.8652
3  2 	# rs1226512
 0.4663 0.5337
3  2 	# rs1738820
 0.2022 0.7978
3  2 	# rs9349391
 0.4101 0.5899
3  2 	# rs714373
 0.3933 0.6067
3  2 	# rs6901823
 0.4719 0.5281
3  2 	# rs9395247
 0.2079 0.7921
3  2 	# rs4715005
 0.0730 0.9270
3  2 	# rs9369704
 0.0843 0.9157
3  2 	# rs1890061
 0.1629 0.8371
3  2 	# rs16876602
 0.0618 0.9382
3  2 	# rs9381631
 0.1685 0.8315
3  2 	# rs2180740
 0.1461 0.8539
3  2 	# rs2456918
 0.2360 0.7640
3  2 	# rs325052
 0.4719 0.5281
3  2 	# rs9473361
 0.1461 0.8539
3  2 	# rs16878078
 0.0562 0.9438
3  2 	# rs12210871
 0.2247 0.7753
3  2 	# rs11752910
 0.1629 0.8371
3  2 	# rs17805607
 0.4045 0.5955
3  2 	# rs1480617
 0.4326 0.5674
3  2 	# rs780558
 0.4101 0.5899
3  2 	# rs4715153
 0.4438 0.5562
3  2 	# rs628337
 0.0225 0.9775
3  2 	# rs4715178
 0.4382 0.5618
3  2 	# rs1126287
 0.4663 0.5337
 0 0
 0.1  0.001875  0.000514  0.000514  0.000796  0.000610  0.001117  0.000598  0.000989  0.000516  0.000640  0.000566  0.000881  0.001218  0.000781  0.001218  0.000747  0.000868  0.000526  0.000602  0.001321  0.000546  0.000651  0.000643  0.000550  0.000814  0.000579  0.001083  0.001808  0.000769  0.001434  0.000507  0.000501  0.000770  0.000580  0.000509  0.000521  0.000528  0.000558  0.001296  0.000621  0.000523  0.000527  0.000751  0.000521  0.000540  0.000708  0.000709  0.000608  0.000508
 1      2.0  1.0
