51 0 0 5
 0 0.0 0.0 0 
 1 2 3 4 5 6 7 8 9 10 11 12 13 14 15 16 17 18 19 20 21 22 23 24 25 26 27 28 29 30 31 32 33 34 35 36 37 38 39 40 41 42 43 44 45 46 47 48 49 50 51
1  2 	# TRAIT
 0.9999 0.0001
 1
 0.000 0.000 1.000
3  2 	# rs1126287
 0.4663 0.5337
3  2 	# rs9349542
 0.5000 0.5000
3  2 	# rs7758661
 0.0056 0.9944
3  2 	# rs6906927
 0.4326 0.5674
3  2 	# rs2272903
 0.2191 0.7809
3  2 	# rs12215345
 0.1573 0.8427
3  2 	# rs9463680
 0.2022 0.7978
3  2 	# rs2796908
 0.0843 0.9157
3  2 	# rs12207656
 0.0899 0.9101
3  2 	# rs6937025
 0.3652 0.6348
3  2 	# rs16881828
 0.0056 0.9944
3  2 	# rs9349603
 0.1685 0.8315
3  2 	# rs1896967
 0.4157 0.5843
3  2 	# rs1413917
 0.2022 0.7978
3  2 	# rs8193037
 0.0843 0.9157
3  2 	# rs12201582
 0.0955 0.9045
3  2 	# rs472589
 0.2247 0.7753
3  2 	# rs6912417
 0.2640 0.7360
3  2 	# rs10456660
 0.0506 0.9494
3  2 	# rs4715307
 0.4213 0.5787
3  2 	# rs7746685
 0.3652 0.6348
3  2 	# rs723815
 0.1011 0.8989
3  2 	# rs2180312
 0.2865 0.7135
3  2 	# rs13215455
 0.1348 0.8652
3  2 	# rs668163
 0.4944 0.5056
3  2 	# rs10456664
 0.1011 0.8989
3  2 	# rs11962677
 0.0393 0.9607
3  2 	# rs17608022
 0.0281 0.9719
3  2 	# rs2816346
 0.4494 0.5506
3  2 	# rs10484663
 0.3636 0.6364
3  2 	# rs9474466
 0.0562 0.9438
3  2 	# rs934147
 0.0112 0.9888
3  2 	# rs12209741
 0.1348 0.8652
3  2 	# rs1467408
 0.3596 0.6404
3  2 	# rs2397146
 0.2809 0.7191
3  2 	# rs510088
 0.0449 0.9551
3  2 	# rs7738142
 0.1292 0.8708
3  2 	# rs809942
 0.2865 0.7135
3  2 	# rs676965
 0.1292 0.8708
3  2 	# rs12210809
 0.4438 0.5562
3  2 	# rs9370225
 0.3182 0.6818
3  2 	# rs4715416
 0.2247 0.7753
3  2 	# rs3001006
 0.2753 0.7247
3  2 	# rs9370251
 0.4213 0.5787
3  2 	# rs12206659
 0.2135 0.7865
3  2 	# rs9382278
 0.0393 0.9607
3  2 	# rs499594
 0.0506 0.9494
3  2 	# rs2136136
 0.2206 0.7794
3  2 	# rs3907818
 0.2753 0.7247
3  2 	# rs9367581
 0.4831 0.5169
 0 0
 0.1  0.000567  0.000600  0.000519  0.000522  0.000501  0.000501  0.000512  0.000521  0.000554  0.000524  0.001106  0.001544  0.000525  0.001390  0.000512  0.001347  0.001205  0.000516  0.000533  0.001077  0.000584  0.002082  0.000542  0.001582  0.000945  0.000991  0.000737  0.000707  0.000507  0.000520  0.000780  0.001298  0.001445  0.000504  0.001631  0.000631  0.000534  0.000513  0.000678  0.000520  0.001866  0.000506  0.000930  0.000518  0.000973  0.000526  0.000745  0.000541  0.000600
 1      2.0  1.0
