51 0 0 5
 0 0.0 0.0 0 
 1 2 3 4 5 6 7 8 9 10 11 12 13 14 15 16 17 18 19 20 21 22 23 24 25 26 27 28 29 30 31 32 33 34 35 36 37 38 39 40 41 42 43 44 45 46 47 48 49 50 51
1  2 	# TRAIT
 0.9999 0.0001
 1
 0.000 0.000 1.000
3  2 	# rs2206984
 0.0843 0.9157
3  2 	# rs10943979
 0.1798 0.8202
3  2 	# rs9444174
 0.0562 0.9438
3  2 	# rs4707051
 0.4659 0.5341
3  2 	# rs7741380
 0.5000 0.5000
3  2 	# rs10498943
 0.0618 0.9382
3  2 	# rs763725
 0.1236 0.8764
3  2 	# rs7773154
 0.3596 0.6404
3  2 	# rs1359602
 0.3764 0.6236
3  2 	# rs515583
 0.0674 0.9326
3  2 	# rs7759585
 0.1966 0.8034
3  2 	# rs313243
 0.0730 0.9270
3  2 	# rs7452605
 0.3539 0.6461
3  2 	# rs220409
 0.2921 0.7079
3  2 	# rs2816579
 0.3989 0.6011
3  2 	# rs17543325
 0.0843 0.9157
3  2 	# rs9344620
 0.3371 0.6629
3  2 	# rs12198149
 0.4382 0.5618
3  2 	# rs16879873
 0.1011 0.8989
3  2 	# rs6936751
 0.2921 0.7079
3  2 	# rs9359730
 0.4213 0.5787
3  2 	# rs242275
 0.4270 0.5730
3  2 	# rs9444519
 0.4719 0.5281
3  2 	# rs4707403
 0.2697 0.7303
3  2 	# rs9344726
 0.4270 0.5730
3  2 	# rs722903
 0.2640 0.7360
3  2 	# rs1324689
 0.2079 0.7921
3  2 	# rs4428477
 0.0227 0.9773
3  2 	# rs16879998
 0.2528 0.7472
3  2 	# rs269442
 0.4944 0.5056
3  2 	# rs3857490
 0.1236 0.8764
3  2 	# rs806376
 0.2921 0.7079
3  2 	# rs6906184
 0.0618 0.9382
3  2 	# rs7770704
 0.0899 0.9101
3  2 	# rs1555340
 0.4888 0.5112
3  2 	# rs9444597
 0.3596 0.6404
3  2 	# rs16880525
 0.2303 0.7697
3  2 	# rs4707477
 0.4213 0.5787
3  2 	# rs4706323
 0.2022 0.7978
3  2 	# rs744270
 0.0899 0.9101
3  2 	# rs2610768
 0.2022 0.7978
3  2 	# rs9451118
 0.2303 0.7697
3  2 	# rs855575
 0.1011 0.8989
3  2 	# rs439912
 0.0506 0.9494
3  2 	# rs282114
 0.2360 0.7640
3  2 	# rs282121
 0.3258 0.6742
3  2 	# rs7742664
 0.4382 0.5618
3  2 	# rs7743444
 0.4045 0.5955
3  2 	# rs854917
 0.0618 0.9382
3  2 	# rs1179901
 0.0337 0.9663
 0 0
 0.1  0.000760  0.000530  0.000509  0.000892  0.000534  0.000997  0.000590  0.000534  0.000506  0.000727  0.000504  0.000628  0.000818  0.000513  0.000606  0.000545  0.000535  0.000630  0.000626  0.000516  0.000556  0.000505  0.000713  0.000797  0.001308  0.002058  0.000520  0.002074  0.000541  0.002821  0.001103  0.000531  0.000932  0.000765  0.000752  0.000995  0.000979  0.000540  0.000994  0.000825  0.000772  0.000558  0.000511  0.000574  0.001797  0.000598  0.000579  0.001083  0.000542
 1      2.0  1.0
