51 0 0 5
 0 0.0 0.0 0 
 1 2 3 4 5 6 7 8 9 10 11 12 13 14 15 16 17 18 19 20 21 22 23 24 25 26 27 28 29 30 31 32 33 34 35 36 37 38 39 40 41 42 43 44 45 46 47 48 49 50 51
1  2 	# TRAIT
 0.9999 0.0001
 1
 0.000 0.000 1.000
3  2 	# rs2326994
 0.0225 0.9775
3  2 	# rs1743635
 0.1124 0.8876
3  2 	# rs155487
 0.1966 0.8034
3  2 	# rs197123
 0.2135 0.7865
3  2 	# rs9379163
 0.3539 0.6461
3  2 	# rs11243239
 0.0730 0.9270
3  2 	# rs491511
 0.1124 0.8876
3  2 	# rs9505400
 0.4551 0.5449
3  2 	# rs9392985
 0.3146 0.6854
3  2 	# rs1591996
 0.1067 0.8933
3  2 	# rs10484750
 0.2079 0.7921
3  2 	# rs850170
 0.3596 0.6404
3  2 	# rs7765012
 0.0562 0.9438
3  2 	# rs9393069
 0.4045 0.5955
3  2 	# rs4475363
 0.1517 0.8483
3  2 	# rs4246086
 0.3146 0.6854
3  2 	# rs9379274
 0.3146 0.6854
3  2 	# rs11243295
 0.3090 0.6910
3  2 	# rs12205137
 0.4157 0.5843
3  2 	# rs1324546
 0.4101 0.5899
3  2 	# rs1830947
 0.2753 0.7247
3  2 	# rs7746692
 0.0730 0.9270
3  2 	# rs2209543
 0.2247 0.7753
3  2 	# rs2017505
 0.0337 0.9663
3  2 	# rs7757300
 0.1011 0.8989
3  2 	# rs1328134
 0.0568 0.9432
3  2 	# rs1206919
 0.3876 0.6124
3  2 	# rs6459434
 0.2809 0.7191
3  2 	# rs9396752
 0.2584 0.7416
3  2 	# rs201267
 0.2472 0.7528
3  2 	# rs855397
 0.4045 0.5955
3  2 	# rs855394
 0.3989 0.6011
3  2 	# rs4716306
 0.0056 0.9944
3  2 	# rs6899499
 0.0169 0.9831
3  2 	# rs1029124
 0.2247 0.7753
3  2 	# rs6900553
 0.3427 0.6573
3  2 	# rs1023276
 0.4382 0.5618
3  2 	# rs12209059
 0.4157 0.5843
3  2 	# rs9465973
 0.4101 0.5899
3  2 	# rs3818408
 0.4551 0.5449
3  2 	# rs1621700
 0.0899 0.9101
3  2 	# rs9348513
 0.1910 0.8090
3  2 	# rs3889361
 0.2921 0.7079
3  2 	# rs502431
 0.2416 0.7584
3  2 	# rs1226013
 0.3409 0.6591
3  2 	# rs504083
 0.2022 0.7978
3  2 	# rs7755748
 0.3539 0.6461
3  2 	# rs4712802
 0.2303 0.7697
3  2 	# rs529124
 0.4944 0.5056
3  2 	# rs478791
 0.1236 0.8764
 0 0
 0.1  0.000568  0.001371  0.000955  0.000773  0.000502  0.000726  0.000906  0.002066  0.000956  0.001015  0.000556  0.001626  0.001183  0.001508  0.000621  0.000512  0.001798  0.000838  0.003426  0.003308  0.000555  0.000527  0.000574  0.001839  0.001065  0.000542  0.001077  0.000555  0.000548  0.000562  0.000670  0.000781  0.003228  0.000658  0.000580  0.001877  0.000747  0.000514  0.001016  0.001023  0.000795  0.000734  0.000618  0.000685  0.000631  0.000919  0.000735  0.001119  0.000526
 1      2.0  1.0
