51 0 0 5
 0 0.0 0.0 0 
 1 2 3 4 5 6 7 8 9 10 11 12 13 14 15 16 17 18 19 20 21 22 23 24 25 26 27 28 29 30 31 32 33 34 35 36 37 38 39 40 41 42 43 44 45 46 47 48 49 50 51
1  2 	# TRAIT
 0.9999 0.0001
 1
 0.000 0.000 1.000
3  2 	# rs9394699
 0.2247 0.7753
3  2 	# rs1433742
 0.2303 0.7697
3  2 	# rs9369215
 0.4438 0.5562
3  2 	# rs7765378
 0.3764 0.6236
3  2 	# rs7752740
 0.1798 0.8202
3  2 	# rs9369228
 0.1854 0.8146
3  2 	# rs9367079
 0.4157 0.5843
3  2 	# rs962390
 0.2472 0.7528
3  2 	# rs9394740
 0.0618 0.9382
3  2 	# rs7746902
 0.3933 0.6067
3  2 	# rs714051
 0.4607 0.5393
3  2 	# rs6915083
 0.3483 0.6517
3  2 	# rs3807040
 0.0449 0.9551
3  2 	# rs2234246
 0.2697 0.7303
3  2 	# rs9367104
 0.4326 0.5674
3  2 	# rs6922617
 0.2191 0.7809
3  2 	# rs9357360
 0.1348 0.8652
3  2 	# rs596917
 0.3820 0.6180
3  2 	# rs766389
 0.3596 0.6404
3  2 	# rs12527287
 0.0843 0.9157
3  2 	# rs2496639
 0.0787 0.9213
3  2 	# rs7742368
 0.3202 0.6798
3  2 	# rs2495239
 0.4213 0.5787
3  2 	# rs2395779
 0.3539 0.6461
3  2 	# rs1028818
 0.3920 0.6080
3  2 	# rs3789208
 0.3989 0.6011
3  2 	# rs1474762
 0.3933 0.6067
3  2 	# rs1011100
 0.2921 0.7079
3  2 	# rs7756525
 0.1404 0.8596
3  2 	# rs6912200
 0.4494 0.5506
3  2 	# rs9394831
 0.2416 0.7584
3  2 	# rs6921368
 0.2247 0.7753
3  2 	# rs4554318
 0.2022 0.7978
3  2 	# rs2492927
 0.0730 0.9270
3  2 	# rs7749023
 0.2022 0.7978
3  2 	# rs9471779
 0.1180 0.8820
3  2 	# rs17702178
 0.0449 0.9551
3  2 	# rs2492942
 0.0955 0.9045
3  2 	# rs6899392
 0.0056 0.9944
3  2 	# rs9349222
 0.2079 0.7921
3  2 	# rs9471815
 0.1517 0.8483
3  2 	# rs3800289
 0.0618 0.9382
3  2 	# rs9471831
 0.3596 0.6404
3  2 	# rs4711717
 0.3539 0.6461
3  2 	# rs550668
 0.3596 0.6404
3  2 	# rs1038890
 0.4944 0.5056
3  2 	# rs7768349
 0.4888 0.5112
3  2 	# rs6906363
 0.2978 0.7022
3  2 	# rs12210447
 0.1629 0.8371
3  2 	# rs2894478
 0.4494 0.5506
 0 0
 0.1  0.000537  0.000642  0.002109  0.000513  0.000509  0.000628  0.001358  0.000956  0.000978  0.000587  0.000507  0.000739  0.000770  0.001324  0.000546  0.000505  0.001234  0.000576  0.001509  0.000741  0.000878  0.002182  0.001139  0.000566  0.001559  0.001851  0.000547  0.000764  0.001093  0.000613  0.000613  0.000897  0.001322  0.001808  0.000681  0.000507  0.000638  0.000959  0.001866  0.000755  0.000555  0.002060  0.000861  0.001438  0.001227  0.000698  0.002741  0.000827  0.000711
 1      2.0  1.0
