51 0 0 5
 0 0.0 0.0 0 
 1 2 3 4 5 6 7 8 9 10 11 12 13 14 15 16 17 18 19 20 21 22 23 24 25 26 27 28 29 30 31 32 33 34 35 36 37 38 39 40 41 42 43 44 45 46 47 48 49 50 51
1  2 	# TRAIT
 0.9999 0.0001
 1
 0.000 0.000 1.000
3  2 	# rs236981
 0.4157 0.5843
3  2 	# rs2299070
 0.2697 0.7303
3  2 	# rs1359067
 0.2079 0.7921
3  2 	# rs666215
 0.0056 0.9944
3  2 	# rs707848
 0.3315 0.6685
3  2 	# rs623897
 0.4494 0.5506
3  2 	# rs602206
 0.2697 0.7303
3  2 	# rs1150644
 0.3989 0.6011
3  2 	# rs927366
 0.2921 0.7079
3  2 	# rs7755677
 0.3202 0.6798
3  2 	# rs4360123
 0.0056 0.9944
3  2 	# rs6914177
 0.0618 0.9382
3  2 	# rs13217920
 0.1517 0.8483
3  2 	# rs12216482
 0.2303 0.7697
3  2 	# rs7773313
 0.1348 0.8652
3  2 	# rs1555111
 0.0955 0.9045
3  2 	# rs10807611
 0.3933 0.6067
3  2 	# rs6925145
 0.3202 0.6798
3  2 	# rs7743695
 0.2135 0.7865
3  2 	# rs4712311
 0.0056 0.9944
3  2 	# rs7766167
 0.4101 0.5899
3  2 	# rs4294009
 0.3876 0.6124
3  2 	# rs214596
 0.2528 0.7472
3  2 	# rs214506
 0.3652 0.6348
3  2 	# rs1408263
 0.3820 0.6180
3  2 	# rs4716273
 0.1011 0.8989
3  2 	# rs1474618
 0.0899 0.9101
3  2 	# rs9477837
 0.1685 0.8315
3  2 	# rs6911193
 0.3202 0.6798
3  2 	# rs9368028
 0.1685 0.8315
3  2 	# rs9366275
 0.0682 0.9318
3  2 	# rs9465274
 0.1180 0.8820
3  2 	# rs6911832
 0.1461 0.8539
3  2 	# rs6905315
 0.1404 0.8596
3  2 	# rs4235993
 0.2865 0.7135
3  2 	# rs760669
 0.0899 0.9101
3  2 	# rs2328483
 0.2247 0.7753
3  2 	# rs17547028
 0.0618 0.9382
3  2 	# rs9465498
 0.0562 0.9438
3  2 	# rs1047033
 0.1685 0.8315
3  2 	# rs11754400
 0.0056 0.9944
3  2 	# rs2328421
 0.0112 0.9888
3  2 	# rs499899
 0.3708 0.6292
3  2 	# rs562646
 0.0787 0.9213
3  2 	# rs602640
 0.0562 0.9438
3  2 	# rs9348410
 0.2809 0.7191
3  2 	# rs16883364
 0.4101 0.5899
3  2 	# rs1202196
 0.4775 0.5225
3  2 	# rs586124
 0.4607 0.5393
3  2 	# rs9465656
 0.1067 0.8933
 0 0
 0.1  0.001165  0.000609  0.000908  0.000803  0.000782  0.000604  0.002258  0.002068  0.000868  0.000513  0.000534  0.000610  0.000815  0.000789  0.001151  0.000988  0.000570  0.000700  0.002757  0.000597  0.001239  0.000505  0.001187  0.000904  0.001023  0.000526  0.000504  0.000704  0.000587  0.000519  0.000606  0.000558  0.000500  0.001783  0.002329  0.001281  0.002145  0.000501  0.002157  0.001207  0.000662  0.001554  0.000582  0.000504  0.000509  0.001320  0.000558  0.001796  0.000579
 1      2.0  1.0
