51 0 0 5
 0 0.0 0.0 0 
 1 2 3 4 5 6 7 8 9 10 11 12 13 14 15 16 17 18 19 20 21 22 23 24 25 26 27 28 29 30 31 32 33 34 35 36 37 38 39 40 41 42 43 44 45 46 47 48 49 50 51
1  2 	# TRAIT
 0.9999 0.0001
 1
 0.000 0.000 1.000
3  2 	# rs7761698
 0.1685 0.8315
3  2 	# rs7766009
 0.4719 0.5281
3  2 	# rs4897097
 0.2416 0.7584
3  2 	# rs610707
 0.4157 0.5843
3  2 	# rs2179367
 0.2978 0.7022
3  2 	# rs4897127
 0.2809 0.7191
3  2 	# rs6925151
 0.3034 0.6966
3  2 	# rs9479184
 0.3427 0.6573
3  2 	# rs4870174
 0.2809 0.7191
3  2 	# rs9383633
 0.2472 0.7528
3  2 	# rs789830
 0.3820 0.6180
3  2 	# rs7743003
 0.2247 0.7753
3  2 	# rs6557340
 0.1011 0.8989
3  2 	# rs9397722
 0.3315 0.6685
3  2 	# rs926930
 0.1573 0.8427
3  2 	# rs12212378
 0.3034 0.6966
3  2 	# rs9397821
 0.2416 0.7584
3  2 	# rs1890522
 0.2753 0.7247
3  2 	# rs688015
 0.2416 0.7584
3  2 	# rs671675
 0.2360 0.7640
3  2 	# rs652800
 0.0562 0.9438
3  2 	# rs7751747
 0.0225 0.9775
3  2 	# rs9480467
 0.2753 0.7247
3  2 	# rs1492576
 0.3146 0.6854
3  2 	# rs6904488
 0.2584 0.7416
3  2 	# rs6557548
 0.1461 0.8539
3  2 	# rs7738394
 0.3258 0.6742
3  2 	# rs4449641
 0.4888 0.5112
3  2 	# rs13198996
 0.3090 0.6910
3  2 	# rs9383848
 0.2247 0.7753
3  2 	# rs712213
 0.2135 0.7865
3  2 	# rs6917461
 0.4494 0.5506
3  2 	# rs2073063
 0.4382 0.5618
3  2 	# rs803420
 0.1180 0.8820
3  2 	# rs1474787
 0.0169 0.9831
3  2 	# rs803470
 0.0449 0.9551
3  2 	# rs505358
 0.4326 0.5674
3  2 	# rs6914261
 0.3708 0.6292
3  2 	# rs4869988
 0.3371 0.6629
3  2 	# rs6924562
 0.2472 0.7528
3  2 	# rs1535831
 0.3146 0.6854
3  2 	# rs6557123
 0.2135 0.7865
3  2 	# rs9383562
 0.1966 0.8034
3  2 	# rs2294794
 0.0787 0.9213
3  2 	# rs12210237
 0.3539 0.6461
3  2 	# rs222575
 0.3483 0.6517
3  2 	# rs6904364
 0.3539 0.6461
3  2 	# rs17054385
 0.4944 0.5056
3  2 	# rs9397433
 0.4663 0.5337
3  2 	# rs7752591
 0.3933 0.6067
 0 0
 0.1  0.000550  0.000529  0.001071  0.000559  0.000539  0.000878  0.001002  0.000611  0.000618  0.000548  0.000585  0.000620  0.000875  0.001368  0.000787  0.000527  0.002399  0.000526  0.000560  0.001398  0.000650  0.000521  0.000650  0.000662  0.000531  0.000857  0.000536  0.000513  0.000572  0.001330  0.000534  0.001229  0.001426  0.002387  0.000500  0.001408  0.000827  0.001284  0.000541  0.001365  0.001344  0.000521  0.001005  0.001357  0.001417  0.000576  0.000533  0.000860  0.000510
 1      2.0  1.0
