51 0 0 5
 0 0.0 0.0 0 
 1 2 3 4 5 6 7 8 9 10 11 12 13 14 15 16 17 18 19 20 21 22 23 24 25 26 27 28 29 30 31 32 33 34 35 36 37 38 39 40 41 42 43 44 45 46 47 48 49 50 51
1  2 	# TRAIT
 0.9999 0.0001
 1
 0.000 0.000 1.000
3  2 	# rs7774353
 0.2921 0.7079
3  2 	# rs9501714
 0.1910 0.8090
3  2 	# rs6920539
 0.2022 0.7978
3  2 	# rs727056
 0.4663 0.5337
3  2 	# rs9328070
 0.4382 0.5618
3  2 	# rs1150764
 0.0618 0.9382
3  2 	# rs2797307
 0.1573 0.8427
3  2 	# rs9378808
 0.3090 0.6910
3  2 	# rs4275100
 0.4663 0.5337
3  2 	# rs6597037
 0.1685 0.8315
3  2 	# rs9504180
 0.1124 0.8876
3  2 	# rs2073009
 0.3708 0.6292
3  2 	# rs4960096
 0.3876 0.6124
3  2 	# rs7454457
 0.1910 0.8090
3  2 	# rs2788222
 0.1629 0.8371
3  2 	# rs1933652
 0.0843 0.9157
3  2 	# rs9392857
 0.2640 0.7360
3  2 	# rs7761470
 0.3933 0.6067
3  2 	# rs4959455
 0.4944 0.5056
3  2 	# rs7770224
 0.2921 0.7079
3  2 	# rs9378518
 0.3708 0.6292
3  2 	# rs2784968
 0.2303 0.7697
3  2 	# rs11755910
 0.1136 0.8864
3  2 	# rs845896
 0.0618 0.9382
3  2 	# rs1764123
 0.0899 0.9101
3  2 	# rs11966212
 0.1742 0.8258
3  2 	# rs2143396
 0.2191 0.7809
3  2 	# rs9391899
 0.2303 0.7697
3  2 	# rs6915235
 0.0843 0.9157
3  2 	# rs7454978
 0.1404 0.8596
3  2 	# rs1161761
 0.2865 0.7135
3  2 	# rs238051
 0.2416 0.7584
3  2 	# rs238074
 0.0562 0.9438
3  2 	# rs2496281
 0.4101 0.5899
3  2 	# rs10793833
 0.4489 0.5511
3  2 	# rs893235
 0.0056 0.9944
3  2 	# rs1737766
 0.3764 0.6236
3  2 	# rs10498654
 0.0899 0.9101
3  2 	# rs9405137
 0.0899 0.9101
3  2 	# rs2293783
 0.3596 0.6404
3  2 	# rs9378623
 0.3315 0.6685
3  2 	# rs10458124
 0.4944 0.5056
3  2 	# rs2816272
 0.3708 0.6292
3  2 	# rs9378296
 0.3708 0.6292
3  2 	# rs7763653
 0.2921 0.7079
3  2 	# rs2569865
 0.4888 0.5112
3  2 	# rs6916316
 0.3483 0.6517
3  2 	# rs742554
 0.1067 0.8933
3  2 	# rs2745593
 0.1011 0.8989
3  2 	# rs9405142
 0.1910 0.8090
 0 0
 0.1  0.001703  0.000725  0.000813  0.000512  0.000855  0.003322  0.000538  0.000956  0.000887  0.001665  0.000610  0.000526  0.000596  0.000601  0.000767  0.000698  0.000631  0.000856  0.001013  0.000824  0.001440  0.000890  0.000511  0.000658  0.000824  0.001073  0.000539  0.001722  0.000548  0.000992  0.000510  0.001201  0.000833  0.003269  0.001055  0.000520  0.000546  0.001229  0.001191  0.000817  0.000722  0.001576  0.001597  0.000602  0.000502  0.000814  0.001566  0.001810  0.001732
 1      2.0  1.0
