51 0 0 5
 0 0.0 0.0 0 
 1 2 3 4 5 6 7 8 9 10 11 12 13 14 15 16 17 18 19 20 21 22 23 24 25 26 27 28 29 30 31 32 33 34 35 36 37 38 39 40 41 42 43 44 45 46 47 48 49 50 51
1  2 	# TRAIT
 0.9999 0.0001
 1
 0.000 0.000 1.000
3  2 	# rs3823058
 0.0899 0.9101
3  2 	# rs1077281
 0.3146 0.6854
3  2 	# rs9347493
 0.2978 0.7022
3  2 	# rs9458225
 0.0674 0.9326
3  2 	# rs7766508
 0.0618 0.9382
3  2 	# rs6455728
 0.1404 0.8596
3  2 	# rs11968360
 0.0562 0.9438
3  2 	# rs6903203
 0.0562 0.9438
3  2 	# rs9456676
 0.1124 0.8876
3  2 	# rs480557
 0.2978 0.7022
3  2 	# rs6910938
 0.2640 0.7360
3  2 	# rs9364605
 0.4101 0.5899
3  2 	# rs6455744
 0.4101 0.5899
3  2 	# rs9347532
 0.4326 0.5674
3  2 	# rs6921226
 0.3371 0.6629
3  2 	# rs4708928
 0.2753 0.7247
3  2 	# rs7760443
 0.3652 0.6348
3  2 	# rs3016538
 0.1742 0.8258
3  2 	# rs9347543
 0.3876 0.6124
3  2 	# rs12111115
 0.2416 0.7584
3  2 	# rs6909000
 0.2416 0.7584
3  2 	# rs12111075
 0.2528 0.7472
3  2 	# rs9347564
 0.1236 0.8764
3  2 	# rs1954916
 0.1761 0.8239
3  2 	# rs1893551
 0.1292 0.8708
3  2 	# rs713053
 0.2528 0.7472
3  2 	# rs10945802
 0.1854 0.8146
3  2 	# rs9346906
 0.3989 0.6011
3  2 	# rs4392700
 0.4494 0.5506
3  2 	# rs10945816
 0.3989 0.6011
3  2 	# rs4709612
 0.4270 0.5730
3  2 	# rs7740031
 0.0337 0.9663
3  2 	# rs6908330
 0.4213 0.5787
3  2 	# rs10945861
 0.4438 0.5562
3  2 	# rs9346937
 0.4326 0.5674
3  2 	# rs1828819
 0.3933 0.6067
3  2 	# rs9347707
 0.2640 0.7360
3  2 	# rs577398
 0.4831 0.5169
3  2 	# rs566126
 0.1517 0.8483
3  2 	# rs2235993
 0.3202 0.6798
3  2 	# rs1022611
 0.4663 0.5337
3  2 	# rs6916948
 0.3596 0.6404
3  2 	# rs1555064
 0.3708 0.6292
3  2 	# rs4709696
 0.2191 0.7809
3  2 	# rs6903758
 0.2697 0.7303
3  2 	# rs4709704
 0.3764 0.6236
3  2 	# rs1629251
 0.0056 0.9944
3  2 	# rs4709725
 0.4213 0.5787
3  2 	# rs6933936
 0.0730 0.9270
3  2 	# rs4709737
 0.0056 0.9944
 0 0
 0.1  0.002070  0.001624  0.000832  0.000792  0.003790  0.001333  0.000847  0.000771  0.000515  0.000603  0.000695  0.000798  0.000537  0.001138  0.000624  0.001274  0.001197  0.000686  0.001176  0.000731  0.000904  0.002142  0.000603  0.000762  0.001344  0.001548  0.001442  0.000712  0.000522  0.000849  0.001966  0.001172  0.000505  0.000722  0.000510  0.001256  0.000550  0.000515  0.000613  0.000702  0.000530  0.001423  0.001983  0.002222  0.000561  0.001251  0.001785  0.000671  0.000623
 1      2.0  1.0
