51 0 0 5
 0 0.0 0.0 0 
 1 2 3 4 5 6 7 8 9 10 11 12 13 14 15 16 17 18 19 20 21 22 23 24 25 26 27 28 29 30 31 32 33 34 35 36 37 38 39 40 41 42 43 44 45 46 47 48 49 50 51
1  2 	# TRAIT
 0.9999 0.0001
 1
 0.000 0.000 1.000
3  2 	# rs4959265
 0.0337 0.9663
3  2 	# rs9405214
 0.3933 0.6067
3  2 	# rs6938648
 0.1854 0.8146
3  2 	# rs626080
 0.3202 0.6798
3  2 	# rs13206717
 0.0393 0.9607
3  2 	# rs9378848
 0.1573 0.8427
3  2 	# rs1999022
 0.4831 0.5169
3  2 	# rs9392582
 0.1629 0.8371
3  2 	# rs339294
 0.3539 0.6461
3  2 	# rs7762514
 0.3146 0.6854
3  2 	# rs1265242
 0.4831 0.5169
3  2 	# rs6926616
 0.2921 0.7079
3  2 	# rs4960005
 0.0337 0.9663
3  2 	# rs234427
 0.1573 0.8427
3  2 	# rs9378408
 0.2584 0.7416
3  2 	# rs4959312
 0.4157 0.5843
3  2 	# rs1849564
 0.2640 0.7360
3  2 	# rs3812183
 0.3933 0.6067
3  2 	# rs4502986
 0.1573 0.8427
3  2 	# rs6918380
 0.1124 0.8876
3  2 	# rs1417657
 0.2753 0.7247
3  2 	# rs3804547
 0.3315 0.6685
3  2 	# rs431060
 0.1910 0.8090
3  2 	# rs1246996
 0.0787 0.9213
3  2 	# rs421473
 0.1854 0.8146
3  2 	# rs11242995
 0.4494 0.5506
3  2 	# rs9392671
 0.3933 0.6067
3  2 	# rs6932040
 0.1461 0.8539
3  2 	# rs414830
 0.1461 0.8539
3  2 	# rs191833
 0.4326 0.5674
3  2 	# rs7774359
 0.1742 0.8258
3  2 	# rs9405272
 0.2022 0.7978
3  2 	# rs6937827
 0.3539 0.6461
3  2 	# rs9504439
 0.4326 0.5674
3  2 	# rs11962015
 0.0169 0.9831
3  2 	# rs4959341
 0.3933 0.6067
3  2 	# rs10484314
 0.4326 0.5674
3  2 	# rs12190311
 0.3315 0.6685
3  2 	# rs13210778
 0.1517 0.8483
3  2 	# rs6926774
 0.0899 0.9101
3  2 	# rs6911736
 0.0562 0.9438
3  2 	# rs9502340
 0.0562 0.9438
3  2 	# rs9504549
 0.3483 0.6517
3  2 	# rs6914546
 0.4326 0.5674
3  2 	# rs9504579
 0.0787 0.9213
3  2 	# rs9405884
 0.2247 0.7753
3  2 	# rs7745233
 0.1292 0.8708
3  2 	# rs582186
 0.3146 0.6854
3  2 	# rs667875
 0.4101 0.5899
3  2 	# rs2170618
 0.0955 0.9045
 0 0
 0.1  0.002141  0.000665  0.000525  0.000601  0.000577  0.000606  0.002021  0.000864  0.000518  0.000522  0.000911  0.000564  0.002318  0.001516  0.000740  0.001574  0.001458  0.003578  0.000593  0.000725  0.000757  0.000822  0.002110  0.000753  0.000802  0.000709  0.000919  0.000602  0.001330  0.000504  0.001620  0.001341  0.000617  0.000553  0.000664  0.001627  0.000811  0.000822  0.000588  0.000905  0.002343  0.001064  0.000560  0.002897  0.000589  0.000740  0.000552  0.000511  0.000676
 1      2.0  1.0
