51 0 0 5
 0 0.0 0.0 0 
 1 2 3 4 5 6 7 8 9 10 11 12 13 14 15 16 17 18 19 20 21 22 23 24 25 26 27 28 29 30 31 32 33 34 35 36 37 38 39 40 41 42 43 44 45 46 47 48 49 50 51
1  2 	# TRAIT
 0.9999 0.0001
 1
 0.000 0.000 1.000
3  2 	# rs568911
 0.4270 0.5730
3  2 	# rs6911166
 0.0393 0.9607
3  2 	# rs1878551
 0.1742 0.8258
3  2 	# rs9389095
 0.1629 0.8371
3  2 	# rs2209044
 0.1180 0.8820
3  2 	# rs2327429
 0.4775 0.5225
3  2 	# rs228859
 0.2247 0.7753
3  2 	# rs229904
 0.0843 0.9157
3  2 	# rs11154757
 0.2809 0.7191
3  2 	# rs2254235
 0.2247 0.7753
3  2 	# rs7738638
 0.0449 0.9551
3  2 	# rs7741722
 0.3090 0.6910
3  2 	# rs4645436
 0.2921 0.7079
3  2 	# rs9402571
 0.4270 0.5730
3  2 	# rs1763527
 0.1364 0.8636
3  2 	# rs4896028
 0.2472 0.7528
3  2 	# rs4896032
 0.4719 0.5281
3  2 	# rs10485350
 0.0281 0.9719
3  2 	# rs736476
 0.3371 0.6629
3  2 	# rs4896044
 0.2584 0.7416
3  2 	# rs6908662
 0.0787 0.9213
3  2 	# rs4896067
 0.2247 0.7753
3  2 	# rs228420
 0.0730 0.9270
3  2 	# rs4896079
 0.1067 0.8933
3  2 	# rs7757871
 0.4607 0.5393
3  2 	# rs9402653
 0.3876 0.6124
3  2 	# rs9385710
 0.2753 0.7247
3  2 	# rs11754504
 0.4607 0.5393
3  2 	# rs17064262
 0.1685 0.8315
3  2 	# rs210937
 0.4831 0.5169
3  2 	# rs2207000
 0.0730 0.9270
3  2 	# rs2143681
 0.2640 0.7360
3  2 	# rs9399161
 0.4438 0.5562
3  2 	# rs6570047
 0.1461 0.8539
3  2 	# rs9402774
 0.3933 0.6067
3  2 	# rs7752169
 0.4438 0.5562
3  2 	# rs4896185
 0.4719 0.5281
3  2 	# rs6921041
 0.3966 0.6034
3  2 	# rs9494464
 0.1854 0.8146
3  2 	# rs797553
 0.0899 0.9101
3  2 	# rs3799462
 0.1067 0.8933
3  2 	# rs6917580
 0.4157 0.5843
3  2 	# rs2237270
 0.3933 0.6067
3  2 	# rs9376221
 0.1180 0.8820
3  2 	# rs911182
 0.4663 0.5337
3  2 	# rs3734552
 0.4270 0.5730
3  2 	# rs6570118
 0.4326 0.5674
3  2 	# rs1935743
 0.1742 0.8258
3  2 	# rs6935119
 0.1854 0.8146
3  2 	# rs1744061
 0.1011 0.8989
 0 0
 0.1  0.001311  0.000816  0.000817  0.000502  0.000688  0.001042  0.001579  0.000560  0.001449  0.001966  0.000937  0.000934  0.001147  0.000833  0.000687  0.001386  0.001018  0.001480  0.000617  0.000508  0.001320  0.000536  0.000776  0.000893  0.001402  0.000576  0.000500  0.000531  0.000906  0.001449  0.000504  0.000559  0.000746  0.000593  0.001785  0.000595  0.001786  0.000998  0.001377  0.000565  0.000518  0.000841  0.001668  0.000512  0.000509  0.000525  0.001894  0.000836  0.000599
 1      2.0  1.0
