51 0 0 5
 0 0.0 0.0 0 
 1 2 3 4 5 6 7 8 9 10 11 12 13 14 15 16 17 18 19 20 21 22 23 24 25 26 27 28 29 30 31 32 33 34 35 36 37 38 39 40 41 42 43 44 45 46 47 48 49 50 51
1  2 	# TRAIT
 0.9999 0.0001
 1
 0.000 0.000 1.000
3  2 	# rs1304885
 0.4101 0.5899
3  2 	# rs483602
 0.4101 0.5899
3  2 	# rs7758172
 0.1067 0.8933
3  2 	# rs699171
 0.0618 0.9382
3  2 	# rs600188
 0.1573 0.8427
3  2 	# rs9443592
 0.0899 0.9101
3  2 	# rs11756825
 0.0056 0.9944
3  2 	# rs9361491
 0.4213 0.5787
3  2 	# rs2874649
 0.1292 0.8708
3  2 	# rs4706768
 0.2528 0.7472
3  2 	# rs725750
 0.0393 0.9607
3  2 	# rs196683
 0.0955 0.9045
3  2 	# rs11754404
 0.0506 0.9494
3  2 	# rs6939569
 0.1011 0.8989
3  2 	# rs2812710
 0.0618 0.9382
3  2 	# rs9343931
 0.4831 0.5169
3  2 	# rs12525600
 0.3539 0.6461
3  2 	# rs1321847
 0.1292 0.8708
3  2 	# rs346291
 0.1705 0.8295
3  2 	# rs9343953
 0.4270 0.5730
3  2 	# rs240226
 0.3034 0.6966
3  2 	# rs604732
 0.0506 0.9494
3  2 	# rs9352838
 0.0843 0.9157
3  2 	# rs2503749
 0.4326 0.5674
3  2 	# rs13193950
 0.1910 0.8090
3  2 	# rs9449223
 0.1629 0.8371
3  2 	# rs7762518
 0.3090 0.6910
3  2 	# rs996136
 0.4438 0.5562
3  2 	# rs1341230
 0.3764 0.6236
3  2 	# rs10943829
 0.3427 0.6573
3  2 	# rs10484871
 0.1011 0.8989
3  2 	# rs1291465
 0.0899 0.9101
3  2 	# rs9361875
 0.2191 0.7809
3  2 	# rs4054489
 0.1180 0.8820
3  2 	# rs1342194
 0.1573 0.8427
3  2 	# rs2039669
 0.4326 0.5674
3  2 	# rs9449437
 0.0899 0.9101
3  2 	# rs2983882
 0.2528 0.7472
3  2 	# rs1369869
 0.1854 0.8146
3  2 	# rs287849
 0.1461 0.8539
3  2 	# rs1076710
 0.1573 0.8427
3  2 	# rs2324167
 0.0449 0.9551
3  2 	# rs7766560
 0.2753 0.7247
3  2 	# rs1180195
 0.3764 0.6236
3  2 	# rs12204318
 0.2584 0.7416
3  2 	# rs624076
 0.2640 0.7360
3  2 	# rs9341967
 0.1705 0.8295
3  2 	# rs2497113
 0.1685 0.8315
3  2 	# rs6910017
 0.3539 0.6461
3  2 	# rs2206984
 0.0843 0.9157
 0 0
 0.1  0.000767  0.000559  0.001187  0.000852  0.000590  0.000597  0.000519  0.001352  0.000514  0.000550  0.000568  0.000973  0.000560  0.000528  0.000514  0.000623  0.000537  0.000727  0.000708  0.000907  0.000510  0.000610  0.000648  0.000593  0.000615  0.001546  0.000505  0.000514  0.001093  0.000560  0.000504  0.000803  0.000503  0.000996  0.000510  0.000708  0.000700  0.000605  0.000628  0.000974  0.000544  0.000745  0.000556  0.000629  0.000725  0.000958  0.001686  0.001528  0.001064
 1      2.0  1.0
