51 0 0 5
 0 0.0 0.0 0 
 1 2 3 4 5 6 7 8 9 10 11 12 13 14 15 16 17 18 19 20 21 22 23 24 25 26 27 28 29 30 31 32 33 34 35 36 37 38 39 40 41 42 43 44 45 46 47 48 49 50 51
1  2 	# TRAIT
 0.9999 0.0001
 1
 0.000 0.000 1.000
3  2 	# rs13214549
 0.0449 0.9551
3  2 	# rs13200541
 0.2809 0.7191
3  2 	# rs9393377
 0.3427 0.6573
3  2 	# rs7763770
 0.1573 0.8427
3  2 	# rs9379482
 0.0730 0.9270
3  2 	# rs7774358
 0.2135 0.7865
3  2 	# rs9348557
 0.1685 0.8315
3  2 	# rs9460868
 0.1067 0.8933
3  2 	# rs6932335
 0.1966 0.8034
3  2 	# rs943068
 0.3258 0.6742
3  2 	# rs926453
 0.3427 0.6573
3  2 	# rs199055
 0.2135 0.7865
3  2 	# rs199107
 0.3483 0.6517
3  2 	# rs197951
 0.0393 0.9607
3  2 	# rs197979
 0.2528 0.7472
3  2 	# rs197999
 0.2472 0.7528
3  2 	# rs7742637
 0.1292 0.8708
3  2 	# rs766978
 0.4438 0.5562
3  2 	# rs9348611
 0.0562 0.9438
3  2 	# rs474833
 0.3371 0.6629
3  2 	# rs528715
 0.4101 0.5899
3  2 	# rs573863
 0.0337 0.9663
3  2 	# rs17529740
 0.2360 0.7640
3  2 	# rs6933683
 0.1292 0.8708
3  2 	# rs6924184
 0.3652 0.6348
3  2 	# rs793839
 0.4775 0.5225
3  2 	# rs12192603
 0.2472 0.7528
3  2 	# rs1772253
 0.1854 0.8146
3  2 	# rs2328824
 0.3764 0.6236
3  2 	# rs12193738
 0.1685 0.8315
3  2 	# rs4576240
 0.0281 0.9719
3  2 	# rs1061925
 0.0674 0.9326
3  2 	# rs9358796
 0.3483 0.6517
3  2 	# rs9379692
 0.1236 0.8764
3  2 	# rs4437459
 0.3090 0.6910
3  2 	# rs606162
 0.0056 0.9944
3  2 	# rs396599
 0.0337 0.9663
3  2 	# rs303898
 0.4213 0.5787
3  2 	# rs6941417
 0.1685 0.8315
3  2 	# rs13198274
 0.1124 0.8876
3  2 	# rs769108
 0.2753 0.7247
3  2 	# rs16890377
 0.1966 0.8034
3  2 	# rs2206194
 0.4607 0.5393
3  2 	# rs6912426
 0.2472 0.7528
3  2 	# rs9461167
 0.2079 0.7921
3  2 	# rs301395
 0.4270 0.5730
3  2 	# rs7765813
 0.0562 0.9438
3  2 	# rs4409177
 0.1180 0.8820
3  2 	# rs9393672
 0.1798 0.8202
3  2 	# rs2237231
 0.4432 0.5568
 0 0
 0.1  0.000662  0.000727  0.000678  0.000521  0.001024  0.000643  0.000571  0.002200  0.002055  0.000660  0.000522  0.001314  0.000542  0.000532  0.001594  0.000801  0.004644  0.000531  0.001649  0.001004  0.000982  0.001357  0.001239  0.000753  0.000581  0.000696  0.000706  0.000530  0.000513  0.001452  0.000600  0.000619  0.000593  0.000946  0.000540  0.001618  0.001653  0.000676  0.000726  0.000568  0.000545  0.000794  0.000616  0.001431  0.000876  0.000510  0.000958  0.000503  0.000514
 1      2.0  1.0
