51 0 0 5
 0 0.0 0.0 0 
 1 2 3 4 5 6 7 8 9 10 11 12 13 14 15 16 17 18 19 20 21 22 23 24 25 26 27 28 29 30 31 32 33 34 35 36 37 38 39 40 41 42 43 44 45 46 47 48 49 50 51
1  2 	# TRAIT
 0.9999 0.0001
 1
 0.000 0.000 1.000
3  2 	# rs9296211
 0.1348 0.8652
3  2 	# rs9380645
 0.1124 0.8876
3  2 	# rs262908
 0.1292 0.8708
3  2 	# rs16889502
 0.2022 0.7978
3  2 	# rs9470540
 0.0618 0.9382
3  2 	# rs2269058
 0.3708 0.6292
3  2 	# rs2173314
 0.1685 0.8315
3  2 	# rs17636328
 0.1798 0.8202
3  2 	# rs11755405
 0.2978 0.7022
3  2 	# rs9394437
 0.3202 0.6798
3  2 	# rs2894413
 0.2079 0.7921
3  2 	# rs9380691
 0.1573 0.8427
3  2 	# rs6926735
 0.3708 0.6292
3  2 	# rs6925749
 0.1966 0.8034
3  2 	# rs876796
 0.0955 0.9045
3  2 	# rs742787
 0.4663 0.5337
3  2 	# rs10456457
 0.1348 0.8652
3  2 	# rs7776025
 0.0393 0.9607
3  2 	# rs12215707
 0.1517 0.8483
3  2 	# rs9394492
 0.1292 0.8708
3  2 	# rs12525647
 0.3315 0.6685
3  2 	# rs1623375
 0.1067 0.8933
3  2 	# rs1678677
 0.4551 0.5449
3  2 	# rs9349103
 0.1989 0.8011
3  2 	# rs10947767
 0.1236 0.8764
3  2 	# rs7341356
 0.4663 0.5337
3  2 	# rs4254984
 0.2360 0.7640
3  2 	# rs7773754
 0.1854 0.8146
3  2 	# rs751933
 0.2247 0.7753
3  2 	# rs6458102
 0.3539 0.6461
3  2 	# rs1651106
 0.2921 0.7079
3  2 	# rs2395718
 0.2753 0.7247
3  2 	# rs11756091
 0.4101 0.5899
3  2 	# rs6458110
 0.2022 0.7978
3  2 	# rs9471076
 0.2247 0.7753
3  2 	# rs6899860
 0.4270 0.5730
3  2 	# rs9394591
 0.2416 0.7584
3  2 	# rs9471112
 0.0393 0.9607
3  2 	# rs303678
 0.0169 0.9831
3  2 	# rs417096
 0.2697 0.7303
3  2 	# rs6937133
 0.2921 0.7079
3  2 	# rs9462580
 0.4213 0.5787
3  2 	# rs2475506
 0.3315 0.6685
3  2 	# rs3008833
 0.4438 0.5562
3  2 	# rs7746227
 0.4494 0.5506
3  2 	# rs9471290
 0.4438 0.5562
3  2 	# rs10498748
 0.0281 0.9719
3  2 	# rs12664614
 0.0618 0.9382
3  2 	# rs1433734
 0.1685 0.8315
3  2 	# rs9394699
 0.2247 0.7753
 0 0
 0.1  0.000948  0.000705  0.000597  0.000521  0.001553  0.000750  0.000545  0.000529  0.000558  0.000521  0.001558  0.001322  0.000594  0.000777  0.000714  0.001544  0.000609  0.000795  0.000610  0.000847  0.002908  0.001001  0.000719  0.000511  0.001245  0.000570  0.000636  0.000697  0.001834  0.000519  0.000935  0.000589  0.000527  0.000518  0.000598  0.000524  0.000604  0.000535  0.000997  0.001209  0.001376  0.001176  0.000533  0.000634  0.000967  0.000592  0.001319  0.002195  0.001313
 1      2.0  1.0
