51 0 0 5
 0 0.0 0.0 0 
 1 2 3 4 5 6 7 8 9 10 11 12 13 14 15 16 17 18 19 20 21 22 23 24 25 26 27 28 29 30 31 32 33 34 35 36 37 38 39 40 41 42 43 44 45 46 47 48 49 50 51
1  2 	# TRAIT
 0.9999 0.0001
 1
 0.000 0.000 1.000
3  2 	# rs9405142
 0.1910 0.8090
3  2 	# rs9503013
 0.0674 0.9326
3  2 	# rs3800032
 0.2528 0.7472
3  2 	# rs2318089
 0.4213 0.5787
3  2 	# rs3823269
 0.3258 0.6742
3  2 	# rs6919059
 0.2865 0.7135
3  2 	# rs3778530
 0.4213 0.5787
3  2 	# rs3800091
 0.2528 0.7472
3  2 	# rs11242725
 0.4831 0.5169
3  2 	# rs9503076
 0.4663 0.5337
3  2 	# rs6908269
 0.2247 0.7753
3  2 	# rs12193414
 0.1629 0.8371
3  2 	# rs11242772
 0.3596 0.6404
3  2 	# rs7772576
 0.0843 0.9157
3  2 	# rs1772987
 0.2865 0.7135
3  2 	# rs2449447
 0.4888 0.5112
3  2 	# rs6918808
 0.2416 0.7584
3  2 	# rs9328113
 0.0618 0.9382
3  2 	# rs9503260
 0.0787 0.9213
3  2 	# rs2296355
 0.3933 0.6067
3  2 	# rs160690
 0.3596 0.6404
3  2 	# rs316339
 0.2416 0.7584
3  2 	# rs12530071
 0.1236 0.8764
3  2 	# rs318491
 0.1629 0.8371
3  2 	# rs11242810
 0.1292 0.8708
3  2 	# rs2295769
 0.2865 0.7135
3  2 	# rs4149360
 0.1348 0.8652
3  2 	# rs7761969
 0.4270 0.5730
3  2 	# rs7739011
 0.0899 0.9101
3  2 	# rs9501935
 0.2416 0.7584
3  2 	# rs11242827
 0.2809 0.7191
3  2 	# rs4959232
 0.4213 0.5787
3  2 	# rs10498660
 0.4382 0.5618
3  2 	# rs6923735
 0.4213 0.5787
3  2 	# rs7775474
 0.4270 0.5730
3  2 	# rs10900943
 0.0056 0.9944
3  2 	# rs4959848
 0.1573 0.8427
3  2 	# rs6905808
 0.1067 0.8933
3  2 	# rs9638039
 0.4551 0.5449
3  2 	# rs9392512
 0.4045 0.5955
3  2 	# rs226924
 0.4101 0.5899
3  2 	# rs9392005
 0.2697 0.7303
3  2 	# rs9503728
 0.2273 0.7727
3  2 	# rs9502072
 0.3146 0.6854
3  2 	# rs2326364
 0.2247 0.7753
3  2 	# rs2252854
 0.3090 0.6910
3  2 	# rs4959883
 0.0618 0.9382
3  2 	# rs4074617
 0.1124 0.8876
3  2 	# rs4959264
 0.1966 0.8034
3  2 	# rs4959265
 0.0337 0.9663
 0 0
 0.1  0.001258  0.000567  0.000926  0.001364  0.000673  0.000785  0.001509  0.000506  0.000910  0.000710  0.000504  0.000570  0.001999  0.001559  0.000507  0.002106  0.000556  0.000642  0.001667  0.000516  0.002024  0.000795  0.001589  0.000648  0.000527  0.000595  0.000595  0.002517  0.000525  0.001062  0.003032  0.001039  0.003150  0.000587  0.000834  0.001075  0.000603  0.001664  0.000721  0.000530  0.001082  0.000751  0.000527  0.000626  0.001260  0.002439  0.000567  0.000551  0.000901
 1      2.0  1.0
