#Chr    Genpos       Marker     Physpos    Nr
 06  96.65981251   rs1179901   90377917    1
 06  96.71370021  rs11967579   90596729    2
 06  96.88295356    rs292255   90700002    3
 06  96.96938543   rs6910129   90740308    4
 06  97.12968233   rs4707585   90763751    5
 06  97.30357087   rs9342219   90813174    6
 06  97.47751830    rs207264   90877302    7
 06  97.52811671   rs3734660   90973066    8
 06  97.57812528  rs12195431   91076375    9
 06  97.62889772   rs1847473   91093744   10
 06  97.68682627    rs717893   91121275   11
 06  98.00653360    rs790605   91162617   12
 06  98.06345062   rs1221220   91250870   13
 06  98.14489009    rs157705   91281856   14
 06  98.19492705   rs2750440   91422760   15
 06  98.31776588   rs2325312   91474114   16
 06  98.37696762  rs12526019   91547635   17
 06  98.58349551   rs9353764   91586443   18
 06  98.67332629   rs1145786   91678597   19
 06  98.85514089    rs711280   91699028   20
 06  99.00678264   rs1144168   91752389   21
 06  99.13799371   rs6936812   91809748   22
 06  99.21224092   rs7766974   91837059   23
 06  99.26787005   rs6924365   91872755   24
 06  99.43515169   rs9345098   91901230   25
 06  99.48577995   rs9294483   92005303   26
 06  99.62330051   rs2224063   92075807   27
 06  99.68865486   rs2818291   92206055   28
 06  99.74942091   rs4707675   92278279   29
 06  99.83279191   rs7453029   92424364   30
 06  99.88400751   rs1761783   92457892   31
 06  99.93535310   rs4318847   92646830   32
 06  100.03866496   rs1493556   92735946   33
 06  100.14603874   rs2452974   92809387   34
 06  100.20000744   rs1373376   92947386   35
 06  100.25020543   rs9451963   92998193   36
 06  100.30424503   rs6927251   93127736   37
 06  100.36557560   rs6935299   93256445   38
 06  100.42113663   rs9345268   93459268   39
 06  100.48487175   rs6908465   93500050   40
 06  100.56288303    rs951556   93610146   41
 06  100.61357912   rs7742301   93699812   42
 06  100.73657611    rs677242   93758862   43
 06  100.89566808   rs7760335   93808735   44
 06  100.99792612   rs6938042   93890157   45
 06  101.05041971   rs7772899   93955354   46
 06  101.10044996   rs1572102   93999838   47
 06  101.19920492    rs164301   94086536   48
 06  101.25485395   rs4707796   94133139   49
 06  101.31375696    rs351331   94186745   50
