#Chr    Genpos       Marker     Physpos    Nr
 06  169.42095030    rs602890  157989387    1
 06  169.47905431    rs675658  158021899    2
 06  169.53742623   rs9458301  158058604    3
 06  169.60783745   rs1864500  158104841    4
 06  169.79831555    rs928008  158115683    5
 06  170.00004389   rs2746217  158224903    6
 06  170.08645090  rs10455934  158332172    7
 06  170.14285644   rs2295893  158374862    8
 06  170.19776939   rs1009014  158407131    9
 06  170.24982021    rs662185  158542379   10
 06  170.30858309   rs4710078  158569341   11
 06  170.36318355    rs827977  158724635   12
 06  170.43777366   rs2083587  158887372   13
 06  170.48837511   rs9457413  158952658   14
 06  170.54000508   rs9457437  159038966   15
 06  170.63403007   rs6933401  159086317   16
 06  170.69232436   rs7746144  159197314   17
 06  170.75562035   rs9457509  159237500   18
 06  170.86740805  rs12662184  159256206   19
 06  170.91914696   rs1738074  159385965   20
 06  170.96990571   rs3120629  159434587   21
 06  171.09163274   rs7765276  159469377   22
 06  171.15629571   rs2485328  159476345   23
 06  171.32738744    rs449602  159553588   24
 06  171.41083703   rs6455633  159715322   25
 06  171.54812071   rs6455639  159781276   26
 06  171.61348445   rs4709326  159786399   27
 06  171.68062723   rs9355736  159851095   28
 06  171.81256358  rs10945617  159872422   29
 06  171.98546797   rs7755526  159918868   30
 06  172.03837824   rs4709364  160081215   31
 06  172.16784442   rs6924573  160206178   32
 06  172.21996914   rs1003737  160350646   33
 06  172.27132524   rs4709390  160373551   34
 06  172.33043814    rs920812  160410304   35
 06  172.38574322    rs622342  160492856   36
 06  172.49086714   rs2083867  160503038   37
 06  172.57215804    rs596881  160557229   38
 06  172.62428034    rs316029  160606658   39
 06  172.68030913    rs437865  160706332   40
 06  172.75467396   rs1367211  161002685   41
 06  172.80685202   rs7767705  161031103   42
 06  172.92726164   rs9295131  161056284   43
 06  172.98038155   rs2489944  161212903   44
 06  173.15690897    rs590884  161298182   45
 06  173.21032353   rs1562026  161380927   46
 06  173.26079643  rs10945713  161475830   47
 06  173.31736366   rs2064721  161529006   48
 06  173.37487212   rs7738367  161571358   49
 06  173.42782347   rs3823058  161600834   50
