#Chr    Genpos       Marker     Physpos    Nr
 06  164.17620025  rs17085526  154918196    1
 06  164.31117987   rs9371822  155028263    2
 06  164.43692357   rs9479954  155133891    3
 06  164.56765891   rs6557385  155276909    4
 06  164.88788760   rs6934056  155321477    5
 06  164.95154247   rs7745332  155342738    6
 06  165.08378800   rs9322494  155360847    7
 06  165.26968036   rs7746011  155386873    8
 06  165.35498992   rs7774757  155417681    9
 06  165.40900466  rs11156008  155424890   10
 06  165.47351159   rs9397228  155498510   11
 06  165.52389040   rs6905473  155546652   12
 06  165.67220770   rs6919431  155559364   13
 06  165.72842559   rs6557409  155585842   14
 06  165.79743135   rs1408756  155622716   15
 06  165.86589915    rs335405  155703512   16
 06  166.03512361  rs13207865  155784937   17
 06  166.09295418    rs231957  155796015   18
 06  166.14599374   rs6919626  155808054   19
 06  166.20123734   rs7738860  155846973   20
 06  166.26280284  rs11755068  155952718   21
 06  166.32161898   rs4407725  156059983   22
 06  166.56977324   rs4128674  156168680   23
 06  166.62076291   rs9371930  156199691   24
 06  166.68352191   rs9371932  156203724   25
 06  166.73408752   rs9397861  156279496   26
 06  166.82721913   rs9383788  156332072   27
 06  166.97642678   rs1349239  156393508   28
 06  167.05797479   rs2354391  156436700   29
 06  167.10820824   rs4394225  156500434   30
 06  167.16318142  rs17187232  156519452   31
 06  167.22799309   rs6557482  156560823   32
 06  167.28059739   rs4382278  156623507   33
 06  167.48521239   rs9480304  156662016   34
 06  167.53838654   rs7739135  156683121   35
 06  167.60122147   rs4429960  156756591   36
 06  167.67107309   rs9371428  156781883   37
 06  167.80724920   rs2603433  156805767   38
 06  167.85850741   rs2493701  156884154   39
 06  167.92957464   rs9480347  156910347   40
 06  168.00267260   rs1022984  156962756   41
 06  168.06325657   rs9397956  157013380   42
 06  168.29414633   rs4870483  157131202   43
 06  168.35583205  rs11961360  157277723   44
 06  168.41365849   rs6906983  157303720   45
 06  168.47749757   rs7770280  157431587   46
 06  168.56211719   rs3734440  157447453   47
 06  168.64447750  rs12211307  157472951   48
 06  168.76820245   rs1007250  157503677   49
 06  169.42095030    rs602890  157989387   50
