#Chr    Genpos       Marker     Physpos    Nr
 06  127.48405480   rs6932501  125006989    1
 06  127.53478331  rs17711154  125104741    2
 06  127.65157030   rs7754584  125127347    3
 06  127.70412407   rs1923728  125189237    4
 06  127.84480500    rs781739  125274032    5
 06  128.00671265    rs482014  125406994    6
 06  128.19122851    rs567448  125416165    7
 06  128.36956478   rs7451644  125475415    8
 06  128.42831090    rs476436  125518315    9
 06  128.48301045    rs495191  125570673   10
 06  128.54753540   rs9388416  125690044   11
 06  128.65374797   rs7756600  125724418   12
 06  128.80693630   rs6933106  125777338   13
 06  128.95944189   rs4895744  125839136   14
 06  129.05734402   rs2326146  125903234   15
 06  129.12455861   rs2747714  126049313   16
 06  129.17787218   rs7754833  126232587   17
 06  129.24048220   rs9398792  126313196   18
 06  129.35921758   rs9321060  126491345   19
 06  129.47846988   rs6569457  126615272   20
 06  129.53059283   rs2151522  127251786   21
 06  129.58816377   rs2800718  127442018   22
 06  129.88976536  rs12210968  127638678   23
 06  129.95065502   rs6903353  127876235   24
 06  130.00468603   rs9388590  127939998   25
 06  130.06895966    rs527206  128083808   26
 06  130.11968979  rs12525721  128265628   27
 06  130.17343200   rs9491896  128342642   28
 06  130.35727483   rs7757761  128433459   29
 06  130.44071045   rs9491913  128503481   30
 06  130.51408171   rs9491939  128717514   31
 06  130.61668190   rs6923822  128881163   32
 06  130.67239240    rs969970  128992093   33
 06  130.72340185   rs9372901  129134965   34
 06  130.81708122   rs4512245  129230175   35
 06  130.90220651   rs4594973  129354451   36
 06  130.96023768   rs6934624  129455026   37
 06  131.01263978   rs1478806  129575312   38
 06  131.08603490   rs7751571  129611906   39
 06  131.17541775   rs2326794  129646065   40
 06  131.23513388   rs7770270  129748811   41
 06  131.37955360   rs2876041  129762520   42
 06  131.43301338   rs6905196  129835664   43
 06  131.50076930   rs6939307  129879695   44
 06  131.65393943   rs2571591  129904485   45
 06  131.71456095   rs9388717  129978524   46
 06  131.78333805  rs12210003  130046292   47
 06  131.83584111   rs7753327  130092303   48
 06  131.96393620  rs17469847  130098274   49
 06  132.04726012   rs4897336  130123754   50
