#Chr    Genpos       Marker     Physpos    Nr
 06  119.46553813   rs7769338  113920332    1
 06  119.52562275   rs6931833  114078284    2
 06  119.57790224   rs7774400  114134832    3
 06  119.63850557  rs11153451  114301216    4
 06  119.75790645   rs2810160  114329403    5
 06  119.82378107   rs9372385  114422998    6
 06  119.92216349   rs1022387  114569311    7
 06  120.00770950   rs9320489  114668310    8
 06  120.09021078    rs785129  114719588    9
 06  120.16794841    rs750377  114967415   10
 06  120.21805945   rs7745314  115133003   11
 06  120.29217242   rs9387243  115170314   12
 06  120.35413389   rs4425620  115202712   13
 06  120.41156655   rs9372417  115318835   14
 06  120.46349240   rs1229831  115527139   15
 06  120.54968124   rs1548305  115715535   16
 06  120.61387563   rs1156783  116102352   17
 06  120.72003375   rs6908592  116249768   18
 06  120.77237994    rs562819  116385418   19
 06  120.82371164  rs11965969  116558896   20
 06  120.90722990   rs3798413  116833281   21
 06  120.95966909  rs17078062  116992250   22
 06  121.04272168    rs548101  117190413   23
 06  121.09436648    rs783642  117395192   24
 06  121.15331661    rs783371  117555513   25
 06  121.20383246    rs620590  117667558   26
 06  121.37197574    rs451411  117690724   27
 06  121.42227951    rs485768  117726832   28
 06  121.50151759   rs3777958  117740540   29
 06  121.66424258   rs9489138  117786609   30
 06  121.72473166   rs6942067  117892389   31
 06  121.78410387   rs4946265  117969868   32
 06  121.84382311    rs636205  118182815   33
 06  121.89771137   rs7754471  118219879   34
 06  121.95284498   rs7738597  118369989   35
 06  122.00913035  rs12208433  118508438   36
 06  122.18511797  rs11153725  118664651   37
 06  122.23682075  rs12204456  118946973   38
 06  122.29219666  rs11153771  119138872   39
 06  122.36505842   rs7742814  119185974   40
 06  122.43513767   rs4945630  119472010   41
 06  122.52803294   rs9320680  119492956   42
 06  122.59464089   rs3798603  119558938   43
 06  122.64943628    rs195077  119696844   44
 06  122.74571835   rs6910329  119948581   45
 06  122.80531394   rs9374827  120137237   46
 06  122.87299020   rs1028961  120271168   47
 06  122.95377535   rs6933285  120383898   48
 06  123.01310462  rs10484970  120526463   49
 06  123.06911110  rs10457375  120646569   50
