#Chr    Genpos       Marker     Physpos    Nr
 06  51.62845676    rs154972   33008629    1
 06  51.68307203     rs23544   33011615    2
 06  51.85538513   rs2395300   33076254    3
 06  51.93781496   rs9277027   33106216    4
 06  52.04506657    rs422544   33134088    5
 06  52.10458344   rs2395349   33191112    6
 06  52.15720010   rs1003979   33222149    7
 06  52.22331789    rs457565   33323882    8
 06  52.27649301   rs7748370   33572039    9
 06  52.33713272    rs420361   33663882   10
 06  52.38943258   rs6935686   33722105   11
 06  52.44469680  rs11759011   33758790   12
 06  52.51893415   rs1535948   33891861   13
 06  52.63801808   rs9296100   33930843   14
 06  52.71277499   rs6926872   33951737   15
 06  52.85621627   rs9394178   33975439   16
 06  53.05229673   rs9394180   34016116   17
 06  53.10561252   rs4713731   34053899   18
 06  53.41178691   rs9469670   34083788   19
 06  53.46974143   rs2499689   34149284   20
 06  53.52105201   rs1109654   34182441   21
 06  53.68799814   rs7742369   34273699   22
 06  53.75011078  rs10947494   34371721   23
 06  53.80198133   rs9394222   34530332   24
 06  53.85469378   rs3800471   34589118   25
 06  53.91558080   rs4713813   34638143   26
 06  53.99078920   rs2744963   34700709   27
 06  54.05647716   rs2820229   35184054   28
 06  54.11156488   rs1040436   35475887   29
 06  54.23129005   rs7744287   35571180   30
 06  54.34220249   rs1075092   35821404   31
 06  54.40231481   rs7753322   35856064   32
 06  54.48293324   rs9296168   35944683   33
 06  54.53407267  rs11965835   36066849   34
 06  54.60787050   rs1059227   36206388   35
 06  54.73973413   rs9368920   36350295   36
 06  54.78981421   rs9470247   36370461   37
 06  54.85137174   rs4713956   36383436   38
 06  54.99236527   rs1555429   36415148   39
 06  55.19624792   rs2234071   36463350   40
 06  55.32680379   rs1321313   36726799   41
 06  55.37778739   rs6457940   36771335   42
 06  55.42983717   rs9470387   36821836   43
 06  55.72662804   rs9296197   36880521   44
 06  55.77962716   rs1632649   37002655   45
 06  55.90839196    rs707542   37032080   46
 06  55.98090266  rs16868759   37063502   47
 06  56.07621800   rs4714032   37084924   48
 06  56.13184696    rs831486   37109245   49
 06  56.18643639   rs9296211   37171315   50
