#Chr    Genpos       Marker     Physpos    Nr
 06  43.75287958  rs13214549   23142963    1
 06  43.81912260  rs13200541   23262881    2
 06  43.89184313   rs9393377   23306083    3
 06  43.95965408   rs7763770   23313308    4
 06  44.01175012   rs9379482   23316883    5
 06  44.11422884   rs7774358   23372817    6
 06  44.17853641   rs9348557   23386072    7
 06  44.23565549   rs9460868   23443450    8
 06  44.45618920   rs6932335   23509261    9
 06  44.66211611    rs943068   23527622   10
 06  44.72815079    rs926453   23550208   11
 06  44.78035580    rs199055   23598096   12
 06  44.91192282    rs199107   23614667   13
 06  44.96615192    rs197951   23677894   14
 06  45.01940474    rs197979   23700327   15
 06  45.17904364    rs197999   23708213   16
 06  45.25919606   rs7742637   23763208   17
 06  45.72579995    rs766978   23788094   18
 06  45.77895836   rs9348611   23921114   19
 06  45.94415809    rs474833   24023849   20
 06  46.04470198    rs528715   24052108   21
 06  46.14299758    rs573863   24080365   22
 06  46.27892846  rs17529740   24125887   23
 06  46.40299584   rs6933683   24213294   24
 06  46.47838049   rs6924184   24259374   25
 06  46.53656018    rs793839   24336664   26
 06  46.60620769  rs12192603   24450350   27
 06  46.67686673   rs1772253   24528213   28
 06  46.72990140   rs2328824   24615740   29
 06  46.78123727  rs12193738   24676372   30
 06  46.92663907   rs4576240   24704457   31
 06  46.98665473   rs1061925   24773986   32
 06  47.04862538   rs9358796   24866803   33
 06  47.10796769   rs9379692   24917750   34
 06  47.20268582   rs4437459   24964302   35
 06  47.25672415    rs606162   25034709   36
 06  47.41883211    rs396599   25067823   37
 06  47.58445167    rs303898   25147581   38
 06  47.65205390   rs6941417   25260653   39
 06  47.72470423  rs13198274   25286969   40
 06  47.78155992    rs769108   25353659   41
 06  47.83613250  rs16890377   25433387   42
 06  47.91563009   rs2206194   25448461   43
 06  47.97722326   rs6912426   25517764   44
 06  48.12054847   rs9461167   25526550   45
 06  48.20818774    rs301395   25594605   46
 06  48.25924571   rs7765813   25732374   47
 06  48.35511603   rs4409177   25802470   48
 06  48.40539350   rs9393672   25950584   49
 06  48.45684595   rs2237231   26125150   50
