#Chr    Genpos       Marker     Physpos    Nr
 06  65.59852391   rs2894478   42861382    1
 06  65.65558923   rs7764865   42943465    2
 06  65.71189313   rs4714652   43078728    3
 06  65.76810343   rs2841639   43275556    4
 06  65.82147054   rs4714674   43352692    5
 06  65.87294286   rs2254303   43384368    6
 06  66.04037952   rs9472064   43554773    7
 06  66.09463583  rs16869037   43767478    8
 06  66.27019085   rs9472114   43803653    9
 06  66.41075192    rs699946   43840647   10
 06  66.57999300   rs6900017   43866463   11
 06  66.64737692   rs4507587   43883816   12
 06  66.72362568   rs6458350   43897594   13
 06  66.79132759    rs881858   43914587   14
 06  66.84297287   rs2148251   43936112   15
 06  66.91753325   rs9369430   43942229   16
 06  67.06840402   rs1003167   43963001   17
 06  67.18752052   rs1776721   43998961   18
 06  67.27165946    rs865585   44019529   19
 06  67.35352068   rs9472158   44026875   20
 06  67.41275235   rs9472173   44041234   21
 06  67.55618671   rs4714724   44049623   22
 06  67.60945688   rs1631662   44061336   23
 06  67.74215060   rs3734693   44073143   24
 06  67.81612680   rs4711760   44103646   25
 06  67.86897965   rs9472201   44128388   26
 06  68.00715171    rs833810   44142669   27
 06  68.05783118   rs6458368   44159199   28
 06  68.20989092   rs3757272   44239758   29
 06  68.26214047   rs6925778   44252776   30
 06  68.32694382   rs1041524   44264448   31
 06  68.40073191   rs2396243   44286449   32
 06  68.45079940   rs9367190   44325632   33
 06  68.55434719    rs513688   44343668   34
 06  68.63626968   rs9369472   44398809   35
 06  68.69093483  rs13214191   44448915   36
 06  68.74372807    rs543844   44532778   37
 06  68.81476605   rs4714790   44549156   38
 06  68.87226822   rs7755190   44559792   39
 06  69.05638307   rs6458390   44577007   40
 06  69.12614855  rs11758473   44601326   41
 06  69.21150248    rs911982   44631621   42
 06  69.26260619   rs2146349   44633967   43
 06  69.33155954    rs476142   44674545   44
 06  69.40529800   rs6902467   44707983   45
 06  69.46637648    rs489448   44750003   46
 06  69.51925236   rs3778507   45004781   47
 06  69.57099864   rs1321078   45476192   48
 06  69.67412168    rs910586   45518290   49
 06  69.73032470   rs2772395   45629427   50
