#Chr    Genpos       Marker     Physpos    Nr
 06  19.67672063   rs2326994    7755020    1
 06  19.73359155   rs1743635    7857389    2
 06  19.87085452    rs155487    7883772    3
 06  19.96640809    rs197123    7926670    4
 06  20.04373420   rs9379163    8029876    5
 06  20.09394367  rs11243239    8122932    6
 06  20.16660099    rs491511    8138127    7
 06  20.25728673   rs9505400    8190114    8
 06  20.46434845   rs9392985    8211825    9
 06  20.56000049   rs1591996    8291461   10
 06  20.66164222  rs10484750    8323608   11
 06  20.71724641    rs850170    8520283   12
 06  20.88013967   rs7765012    8748041   13
 06  20.99861921   rs9393069    8800947   14
 06  21.14965884   rs4475363    8850428   15
 06  21.21182929   rs4246086    8853959   16
 06  21.26301660   rs9379274    8935206   17
 06  21.44312899  rs11243295    8971670   18
 06  21.52702367  rs12205137    9087016   19
 06  21.87075927   rs1324546    9289558   20
 06  22.20264369   rs1830947    9363486   21
 06  22.25817616   rs7746692    9411993   22
 06  22.31093745   rs2209543    9492979   23
 06  22.36837267   rs2017505    9521187   24
 06  22.55263270   rs7757300    9652130   25
 06  22.65927591   rs1328134    9817926   26
 06  22.71345845   rs1206919    9883326   27
 06  22.82131480   rs6459434    9931770   28
 06  22.87687462   rs9396752   10049209   29
 06  22.93166892    rs201267   10082859   30
 06  22.98788627    rs855397   10156408   31
 06  23.05493206    rs855394   10157703   32
 06  23.13304829   rs4716306   10214453   33
 06  23.45685652   rs6899499   10245086   34
 06  23.52274492   rs1029124   10287352   35
 06  23.58082126   rs6900553   10339911   36
 06  23.76890290   rs1023276   10353746   37
 06  23.84362674  rs12209059   10421650   38
 06  23.89500606   rs9465973   10450154   39
 06  23.99669470   rs3818408   10496639   40
 06  24.09914314   rs1621700   10528084   41
 06  24.17869863   rs9348513   10568359   42
 06  24.25216068   rs3889361   10574024   43
 06  24.31397111    rs502431   10589376   44
 06  24.38254961   rs1226013   10647275   45
 06  24.44572496    rs504083   10649199   46
 06  24.53766738   rs7755748   10708866   47
 06  24.61124165   rs4712802   10750245   48
 06  24.72330042    rs529124   10846799   49
 06  24.77595637    rs478791   10883432   50
