#Chr    Genpos       Marker     Physpos    Nr
 06  123.06911110  rs10457375  120646569    1
 06  123.12682590   rs9320751  120819942    2
 06  123.17842954   rs4535586  120899514    3
 06  123.23102720  rs17082686  121025309    4
 06  123.28580324  rs12194792  121126276    5
 06  123.35249771   rs4535587  121267024    6
 06  123.40668492   rs9387916  121420686    7
 06  123.52485079   rs9482157  121747898    8
 06  123.58373659   rs2389541  121815698    9
 06  123.63839381   rs6925183  121862776   10
 06  123.88653488   rs4523118  121966755   11
 06  123.97095188   rs1034443  122245392   12
 06  124.03760108   rs2679699  122409033   13
 06  124.08797254   rs9388041  122420798   14
 06  124.13899919   rs2094574  122729283   15
 06  124.20021305   rs9398679  122983250   16
 06  124.25039433   rs6913003  123112811   17
 06  124.32497890   rs9490545  123119324   18
 06  124.54872895   rs9375185  123160199   19
 06  124.61239088  rs11154116  123190363   20
 06  124.66924006   rs4962262  123214382   21
 06  124.73272882   rs9401609  123241817   22
 06  124.79634931   rs7754344  123338397   23
 06  124.85845011   rs9375219  123455777   24
 06  124.94071210   rs6916837  123523610   25
 06  124.99407683   rs6569329  123591098   26
 06  125.09025302   rs7746138  123684088   27
 06  125.15494913   rs9482391  123818200   28
 06  125.30201344  rs13212480  123903160   29
 06  125.41481308   rs9385304  123935345   30
 06  125.55426423   rs7760343  123966626   31
 06  125.62210463   rs2611432  124064738   32
 06  125.83432000    rs342616  124152024   33
 06  125.92770173    rs928529  124184678   34
 06  125.99377544  rs12191883  124194977   35
 06  126.08900165   rs6936906  124204714   36
 06  126.14114623   rs2318064  124231122   37
 06  126.19552667  rs12196932  124307100   38
 06  126.26214422   rs9320967  124340417   39
 06  126.33200250   rs7742884  124357467   40
 06  126.57772229   rs2064687  124417863   41
 06  126.62951709    rs163286  124503145   42
 06  126.84021744    rs713215  124645369   43
 06  127.02585797   rs2626131  124693931   44
 06  127.07631924    rs332611  124755226   45
 06  127.12641618    rs688197  124836586   46
 06  127.20716094    rs535492  124905661   47
 06  127.27663425    rs527307  124924081   48
 06  127.32687003    rs635837  124952438   49
 06  127.48405480   rs6932501  125006989   50
