#Chr    Genpos       Marker     Physpos    Nr
 06  145.95324078   rs9403101  140030709    1
 06  146.01208746   rs6570376  140198635    2
 06  146.06214807   rs1028471  140304834    3
 06  146.11253392   rs9321772  140904839    4
 06  146.16324923   rs1856384  141255989    5
 06  146.21841661   rs4385332  141484518    6
 06  146.26883644   rs9376609  141713425    7
 06  146.32074357  rs13201721  141841227    8
 06  146.40652630   rs6913816  142080058    9
 06  146.48140929   rs7758295  142260910   10
 06  146.72401551   rs9385984  142364149   11
 06  146.77640983   rs7765914  142602000   12
 06  146.87376065   rs9376683  142668392   13
 06  146.99067670   rs9403384  142751294   14
 06  147.12118757    rs263156  142949208   15
 06  147.24800611   rs9496445  143089591   16
 06  147.42402984    rs197508  143139186   17
 06  147.53542269  rs12205042  143256522   18
 06  147.59511898   rs2095369  143311909   19
 06  147.64728378   rs1041654  143331054   20
 06  147.70859581    rs199248  143376686   21
 06  147.79352391   rs7774011  143423803   22
 06  147.84896184   rs3804528  143441785   23
 06  147.93864091   rs7740214  143586340   24
 06  147.98895382   rs1570350  143634079   25
 06  148.22475660   rs9376748  143768390   26
 06  148.28054496   rs1038390  143868795   27
 06  148.33475497   rs7745861  143885055   28
 06  148.38790466   rs9403515  143949706   29
 06  148.43964569   rs9403523  144046674   30
 06  148.50742355   rs1015341  144077157   31
 06  148.61486721   rs9403527  144089526   32
 06  148.70459566   rs7742964  144147096   33
 06  148.78263742  rs12197107  144194695   34
 06  148.83498008   rs9403539  144306059   35
 06  148.99651398   rs9321951  144319261   36
 06  149.05612547   rs6929066  144444638   37
 06  149.12426618  rs12208207  144499592   38
 06  149.18890051   rs4896703  144539270   39
 06  149.27314618   rs4896706  144560843   40
 06  149.42723376    rs636408  144652126   41
 06  149.47837994   rs6904422  144741424   42
 06  149.54945443   rs4895642  144800492   43
 06  149.86919719   rs9496982  144848384   44
 06  149.91991205  rs10434890  145000349   45
 06  149.98138668   rs9321987  145071977   46
 06  150.03251722   rs2297846  145189804   47
 06  150.08996753   rs2050719  145295639   48
 06  150.20474799   rs6913592  145371313   49
 06  150.26069664    rs649933  145475150   50
