#Chr    Genpos       Marker     Physpos    Nr
 06   5.04932069   rs9405142    1577298    1
 06   5.17528499   rs9503013    1652398    2
 06   5.23206145   rs3800032    1682096    3
 06   5.32470363   rs2318089    1720435    4
 06   5.46128830   rs3823269    1726166    5
 06   5.52858889   rs6919059    1729095    6
 06   5.60711921   rs3778530    1768731    7
 06   5.75821202   rs3800091    1782827    8
 06   5.80884056  rs11242725    1871649    9
 06   5.89992056   rs9503076    1984026   10
 06   5.97101267   rs6908269    2150805   11
 06   6.02140092  rs12193414    2238019   12
 06   6.07846150  rs11242772    2389221   13
 06   6.27874464   rs7772576    2409384   14
 06   6.43485027   rs1772987    2457074   15
 06   6.48560695   rs2449447    2500245   16
 06   6.69660995   rs6918808    2553994   17
 06   6.75222655   rs9328113    2616993   18
 06   6.81644699   rs9503260    2650015   19
 06   6.98342399   rs2296355    2694660   20
 06   7.03503387    rs160690    2744059   21
 06   7.23780176    rs316339    2783045   22
 06   7.31739748  rs12530071    2831066   23
 06   7.47653687    rs318491    2843595   24
 06   7.54135681  rs11242810    2882346   25
 06   7.59403903   rs2295769    2900801   26
 06   7.65357871   rs4149360    2951806   27
 06   7.71311186   rs7761969    2994981   28
 06   7.96545846   rs7739011    3057529   29
 06   8.01800021   rs9501935    3119946   30
 06   8.12433167  rs11242827    3150433   31
 06   8.42840456   rs4959232    3247216   32
 06   8.53244467  rs10498660    3288543   33
 06   8.84844215   rs6923735    3362642   34
 06   8.90721705   rs7775474    3413223   35
 06   8.99073145  rs10900943    3426312   36
 06   9.09837556   rs4959848    3466102   37
 06   9.15867697   rs6905808    3512554   38
 06   9.32532980   rs9638039    3519453   39
 06   9.39751990   rs9392512    3581410   40
 06   9.45056849    rs226924    3646643   41
 06   9.55884741   rs9392005    3657110   42
 06   9.63395899   rs9503728    3707271   43
 06   9.68667942   rs9502072    3734180   44
 06   9.74936465   rs2326364    3775848   45
 06   9.87549659   rs2252854    3804095   46
 06  10.11996431   rs4959883    3840913   47
 06  10.17666489   rs4074617    3858629   48
 06  10.23181801   rs4959264    3895673   49
 06  10.32202375   rs4959265    3902628   50
