#Chr    Genpos       Marker     Physpos    Nr
 06  15.51048228   rs2170618    6082107    1
 06  15.57249089    rs900401    6113193    2
 06  15.67788657   rs7774391    6121624    3
 06  15.76748538   rs3799558    6129818    4
 06  15.82948543   rs1742929    6173024    5
 06  15.99536377   rs6597197    6198016    6
 06  16.11399033   rs1267914    6234856    7
 06  16.18688679   rs2755416    6256700    8
 06  16.28006785   rs1267858    6267977    9
 06  16.33319567   rs6597199    6288176   10
 06  16.41352550   rs4960192    6300432   11
 06  16.46392795   rs4543420    6329147   12
 06  16.55072666   rs9379036    6400152   13
 06  16.61553569  rs11965794    6440030   14
 06  16.68555458    rs849057    6450405   15
 06  16.74762742    rs637096    6500789   16
 06  16.80869620   rs9328377    6539320   17
 06  16.88695234   rs2294460    6559432   18
 06  16.95977101   rs9504873    6568676   19
 06  17.03010226   rs3804490    6598138   20
 06  17.15501785   rs6924103    6624165   21
 06  17.21433218    rs201051    6666712   22
 06  17.35886211   rs2876028    6706641   23
 06  17.47614088   rs9502503    6731252   24
 06  17.56586249   rs1317392    6749899   25
 06  17.62308388   rs9502508    6752372   26
 06  17.82684881   rs4530912    6762790   27
 06  17.88141268  rs12660428    6798440   28
 06  17.93393956   rs6910011    6822410   29
 06  17.99073463  rs11967438    6831325   30
 06  18.17912818  rs10214475    6848147   31
 06  18.23067459   rs9392132    6860978   32
 06  18.34395278   rs2768990    6881570   33
 06  18.42937548   rs4960274    6904259   34
 06  18.48065751   rs7761644    6933004   35
 06  18.56506116   rs4960285    6939387   36
 06  18.63264635   rs6936076    7008270   37
 06  18.68425482    rs665723    7084063   38
 06  18.74294357   rs2256596    7192247   39
 06  18.79730739   rs1050226    7226653   40
 06  18.98363302   rs2876098    7319206   41
 06  19.03710455   rs6939137    7445569   42
 06  19.12611631   rs9406032    7446675   43
 06  19.17829464   rs2806167    7488782   44
 06  19.23144922   rs2076302    7515962   45
 06  19.32813706  rs12527897    7577242   46
 06  19.40679648  rs12197234    7616630   47
 06  19.50816917   rs4959451    7630325   48
 06  19.59425969    rs270404    7702373   49
 06  19.67672063   rs2326994    7755020   50
