#Chr    Genpos       Marker     Physpos    Nr
 06  77.49481755   rs9367581   54527706    1
 06  77.55386740  rs10484986   54586489    2
 06  77.62316384   rs2135760   54740495    3
 06  77.68786870   rs7453866   54861585    4
 06  77.74674514  rs12209485   55119689    5
 06  77.79821097   rs3122156   55190766    6
 06  77.86265903    rs958626   55299182    7
 06  77.91852856   rs3942865   55363787    8
 06  77.97285547   rs1472641   55409682    9
 06  78.04097632   rs4236134   55551311   10
 06  78.10316024  rs11754509   55581253   11
 06  78.15590373   rs2498529   55671162   12
 06  78.22732509  rs12174118   55792259   13
 06  78.27945022   rs3798818   55847012   14
 06  78.32995974   rs7357042   55983225   15
 06  78.41001384   rs4715574   56022598   16
 06  78.54871472   rs3807013   56220749   17
 06  78.60172738   rs7739763   56310063   18
 06  78.66384576   rs9475676   56316710   19
 06  78.72798145    rs606894   56403616   20
 06  78.80478452   rs1903332   56830194   21
 06  78.87108186   rs4715646   57008299   22
 06  79.00575885   rs7760349   57220087   23
 06  79.06042900   rs1888266   57290027   24
 06  79.13594313   rs9476005   57437845   25
 06  79.19309203   rs4440467   57774386   26
 06  79.28341327   rs7776004   58451721   27
 06  79.33512316   rs1336317   62092916   28
 06  79.38533023   rs6901766   62709022   29
 06  79.43553279   rs4710674   62957473   30
 06  79.48698107   rs1334737   63328528   31
 06  79.53963812  rs12190145   63620474   32
 06  79.60108449   rs9359331   63944147   33
 06  79.65904572   rs2677024   64142764   34
 06  79.71593191   rs7767473   64413118   35
 06  79.76853629   rs9353368   64706120   36
 06  79.83442007   rs6454771   65058897   37
 06  79.89647622   rs2050623   65301730   38
 06  79.95944832   rs1415534   65373098   39
 06  80.01668913   rs9360039   65474877   40
 06  80.10871953   rs9453089   65614799   41
 06  80.17490656   rs2144715   65717788   42
 06  80.42941082  rs12207169   65832479   43
 06  80.49622454  rs13201014   66052122   44
 06  80.61888708   rs1393685   66120847   45
 06  80.70592749  rs10944808   66233799   46
 06  80.77038930    rs354401   66371601   47
 06  80.82083998  rs13191280   66548446   48
 06  80.87122979   rs4424062   66685113   49
 06  80.92431929   rs6929762   66765998   50
