#Chr    Genpos       Marker     Physpos    Nr
 06  84.94365597  rs12195791   72261853    1
 06  84.99453149   rs9446418   72348255    2
 06  85.19536040   rs1328706   72510007    3
 06  85.25276760   rs1536764   72615541    4
 06  85.30692808   rs2013821   72700144    5
 06  85.36292477    rs535807   72763225    6
 06  85.41761707  rs10455256   73078755    7
 06  85.47771977   rs2781567   73224548    8
 06  85.59259911   rs2781564   73234584    9
 06  85.75642329   rs7772714   73391570   10
 06  85.84257602   rs2840794   73516111   11
 06  85.89340114   rs7775641   73535346   12
 06  85.95070246   rs6927484   73603471   13
 06  86.01151247   rs1317537   73706051   14
 06  86.08998958  rs10943073   73715709   15
 06  86.15133149   rs9351963   73806582   16
 06  86.26678618   rs6933440   73867795   17
 06  86.43843931   rs6453644   73921917   18
 06  86.51224416   rs2603472   74022689   19
 06  86.60579157   rs9360664   74098145   20
 06  86.71628596   rs7761170   74209619   21
 06  86.78203167  rs10498893   74438497   22
 06  86.92442450   rs9293937   74480790   23
 06  86.99138879   rs3005511   74662534   24
 06  87.04303130   rs4708114   74831678   25
 06  87.09642547   rs2635117   75027507   26
 06  87.15298364  rs13193570   75127462   27
 06  87.20329254   rs2992983   75348586   28
 06  87.35152175   rs2883136   75534691   29
 06  87.41334549   rs6453809   75806853   30
 06  87.46999954    rs636885   75886093   31
 06  87.66797419    rs240734   75903756   32
 06  87.76617226    rs240366   75972076   33
 06  87.83357521   rs2951928   76192988   34
 06  87.88664057   rs3798447   76592800   35
 06  87.96950780  rs11754389   76700362   36
 06  88.03958461   rs4708201   76719533   37
 06  88.09896001   rs1933483   76823944   38
 06  88.18017721   rs2451593   77116581   39
 06  88.32563655   rs4235898   77322907   40
 06  88.42785478   rs4441926   77337162   41
 06  88.47798309   rs9361100   77397823   42
 06  88.52851446   rs9343476   77449827   43
 06  88.60736073   rs1016555   77479349   44
 06  88.65997794  rs13216684   77604337   45
 06  88.71122591   rs7767310   77656052   46
 06  88.76749497   rs9447983   77918661   47
 06  88.82606802  rs13210682   78034009   48
 06  88.94905837   rs9361235   78232561   49
 06  89.00069451   rs1304885   78387412   50
