#Chr    Genpos       Marker     Physpos    Nr
 06  178.67741472   rs4709737  164004661    1
 06  178.84925313   rs9458886  164024818    2
 06  178.92019612  rs12199352  164106305    3
 06  178.99602313  rs13215377  164242725    4
 06  179.11537029  rs11755754  164245482    5
 06  179.16554542   rs1040644  164267616    6
 06  179.32170324   rs7775629  164281534    7
 06  179.46143180   rs9456909  164304209    8
 06  179.51841481   rs7754718  164311752    9
 06  179.58384750   rs9458967  164362259   10
 06  179.63723510   rs4709819  164383345   11
 06  179.71389434   rs4709823  164454572   12
 06  179.79987610   rs9356186  164481699   13
 06  180.03545536   rs9459017  164516768   14
 06  180.18917831   rs9356192  164559951   15
 06  180.38001664    rs814255  164610962   16
 06  180.76943120   rs1496118  164703881   17
 06  180.85863903   rs9356221  164850992   18
 06  180.95521250   rs7760143  164908123   19
 06  181.03361106   rs6919146  164979956   20
 06  181.09248695   rs4709871  164986861   21
 06  181.16028552    rs968009  165185278   22
 06  181.25917662    rs996301  165244348   23
 06  181.31381770  rs11754642  165316451   24
 06  181.43641198   rs3967133  165371458   25
 06  181.49085200   rs1322193  165407121   26
 06  181.62816904   rs9347988  165431910   27
 06  181.68164353    rs894240  165477540   28
 06  181.91055822   rs6923393  165514783   29
 06  181.98191576   rs4709927  165593737   30
 06  182.03945807    rs533040  165652625   31
 06  182.13328390     rs17193  165721173   32
 06  182.19298779   rs9459417  165757982   33
 06  182.37339698    rs220821  165769228   34
 06  182.58226050    rs221724  165807521   35
 06  182.65070342   rs6906719  165865960   36
 06  182.70803626   rs6938249  165889215   37
 06  182.76019260   rs2983505  165931057   38
 06  182.87091454   rs7762160  165935421   39
 06  182.93610328   rs9459464  165962695   40
 06  183.08321357   rs3008054  165989833   41
 06  183.13702877   rs9347084  166008285   42
 06  183.24622891   rs1039001  166066344   43
 06  183.41541401   rs6928719  166117879   44
 06  183.47654075  rs10455964  166150543   45
 06  183.64758409   rs7741397  166169058   46
 06  183.70193893    rs955075  166218602   47
 06  183.82581537   rs6899687  166296455   48
 06  183.87924306    rs300148  166351837   49
 06  183.93145016   rs2166251  166424773   50
