#Chr    Genpos       Marker     Physpos    Nr
 06  105.46560326   rs4642484  100558771    1
 06  105.57597175  rs11155282  100699743    2
 06  105.65659723   rs2474251  100708639    3
 06  105.77660701  rs12201659  100740059    4
 06  105.89932616   rs6570574  100749588    5
 06  105.97280954    rs924974  100869934    6
 06  106.03264740   rs1506084  100919909    7
 06  106.20851806   rs3798492  100995346    8
 06  106.27804001   rs9377236  101396681    9
 06  106.37889263   rs1338161  101941837   10
 06  106.45750297   rs2579931  101961354   11
 06  106.56838973   rs1856309  101973089   12
 06  106.63935357   rs2749060  102047933   13
 06  106.73002639   rs2021678  102140234   14
 06  106.92311599   rs1415485  102225039   15
 06  107.00690816  rs17062422  102284737   16
 06  107.16683608   rs9498691  102318510   17
 06  107.25828450   rs1475922  102457440   18
 06  107.30901117   rs2782908  102545672   19
 06  107.38795117   rs3849205  102707870   20
 06  107.52401288   rs6909610  102745846   21
 06  107.57427218   rs4334996  102907074   22
 06  107.64427308   rs6928093  103010466   23
 06  107.69658992   rs7769811  103231036   24
 06  107.87268850   rs9390890  103368208   25
 06  107.92283260   rs7761003  103415966   26
 06  107.97512607   rs9404303  103590645   27
 06  108.05723325  rs12205502  103616369   28
 06  108.11443218   rs2742702  103753106   29
 06  108.16532627  rs17624545  103947395   30
 06  108.37634980   rs2506754  104102998   31
 06  108.42952854   rs9404464  104305245   32
 06  108.54509347   rs4335016  104324113   33
 06  108.64216375  rs13362595  104414778   34
 06  108.86382542   rs2205746  104572980   35
 06  108.91497663    rs859980  104607891   36
 06  109.00223944  rs12203539  104630035   37
 06  109.14376938   rs6942087  104849458   38
 06  109.20101785   rs4946463  104938196   39
 06  109.28338805    rs450996  105073598   40
 06  109.35209085   rs6910034  105240315   41
 06  109.40227777   rs2153127  105455237   42
 06  109.46728475    rs221626  105612935   43
 06  109.54808668    rs768781  105712711   44
 06  109.68728045   rs1765924  105754484   45
 06  109.78164781   rs1189924  105810861   46
 06  109.87965242   rs1617445  105863763   47
 06  109.94415202   rs9500087  105928205   48
 06  110.04913044   rs6909720  105982307   49
 06  110.10517286   rs1269287  106058532   50
