#Chr    Genpos       Marker     Physpos    Nr
 06  150.26069664    rs649933  145475150    1
 06  150.39812056   rs7768714  145559924    2
 06  150.44930518   rs2038473  145627174    3
 06  150.50138881    rs581129  145690019    4
 06  150.58400228   rs6910793  145842608    5
 06  150.64627928   rs4896857  146488865    6
 06  150.75361255     rs56566  146710738    7
 06  150.80555842    rs362856  146761576    8
 06  150.85940925   rs9497566  146890976    9
 06  150.92432382   rs9386161  146982009   10
 06  151.00560374    rs973572  147022940   11
 06  151.17617497   rs6911012  147062302   12
 06  151.29118252   rs9377026  147167286   13
 06  151.34902973  rs17551120  147275677   14
 06  151.43407729  rs12665649  147288187   15
 06  151.48880927   rs9485147  147505132   16
 06  151.57553262    rs649544  147528226   17
 06  151.64334958    rs642527  147779839   18
 06  151.70126405    rs634753  147844986   19
 06  151.94925647   rs9403860  147901099   20
 06  152.00156129    rs844569  147954137   21
 06  152.05158804   rs6935781  147992602   22
 06  152.12158954   rs9390491  148034747   23
 06  152.21644309   rs6914269  148066362   24
 06  152.27185907   rs7755031  148142806   25
 06  152.44960200   rs3861426  148225792   26
 06  152.51070098   rs6904457  148316304   27
 06  152.56130139   rs1404484  148370060   28
 06  152.67326727   rs7765680  148489577   29
 06  152.83909090   rs6920454  148549841   30
 06  152.95799963   rs9390549  148624458   31
 06  153.03824889   rs6918668  148679804   32
 06  153.13381088   rs4537167  148732457   33
 06  153.21373721  rs17635342  148771711   34
 06  153.33713932   rs9322150  148820373   35
 06  153.44912648   rs1883625  148834310   36
 06  153.55711825  rs11751252  148872846   37
 06  153.68647157      rs8641  148911603   38
 06  153.77327069    rs208699  148943844   39
 06  154.01083222   rs1570363  148966491   40
 06  154.07155943   rs7356870  149079773   41
 06  154.17298473   rs9498147  149115922   42
 06  154.29367622   rs9390610  149154879   43
 06  154.35540313    rs900475  149173045   44
 06  154.49885353   rs9485337  149244569   45
 06  154.67556794  rs12192351  149266321   46
 06  154.76589051  rs11155607  149288095   47
 06  154.90312124   rs9386240  149320881   48
 06  154.95484903   rs2500548  149378047   49
 06  155.01200240   rs7761698  149483938   50
