#Chr    Genpos       Marker     Physpos    Nr
 06  24.77595637    rs478791   10883432    1
 06  24.86291903   rs6456719   10971311    2
 06  24.94707087   rs4711127   11017675    3
 06  25.12000991  rs13214666   11211523    4
 06  25.18705677   rs3798727   11302497    5
 06  25.24004630   rs2182336   11335371    6
 06  25.41723894   rs9393992   11347929    7
 06  25.64998509  rs11964334   11376174    8
 06  25.70414031   rs9791189   11431851    9
 06  25.87424242   rs4713432   11441670   10
 06  25.96204819   rs3798752   11468149   11
 06  26.02363518   rs9461735   11553840   12
 06  26.07957365   rs9469223   11596912   13
 06  26.17299376    rs471693   11728832   14
 06  26.23466434    rs549655   11747990   15
 06  26.34990716   rs3734273   11822792   16
 06  26.46314095   rs6903956   11882569   17
 06  26.52353362   rs2235384   11884617   18
 06  26.63267574   rs4713922   11901183   19
 06  26.73943104   rs9368918   11952670   20
 06  26.93679546   rs9357221   11992976   21
 06  27.11422424    rs169713   12028503   22
 06  27.17812842   rs1570989   12156813   23
 06  27.23509486  rs10947819   12281743   24
 06  27.35563511   rs4714268   12296663   25
 06  27.49420506    rs219988   12317678   26
 06  27.55587351   rs7749495   12348791   27
 06  27.67004416   rs9394696   12370500   28
 06  27.74536824   rs9380978   12394824   29
 06  27.81733481   rs9381015   12423896   30
 06  27.87014121   rs1931550   12470205   31
 06  28.07855668   rs6458229   12484245   32
 06  28.12865951   rs7740766   12531011   33
 06  28.19633492   rs4714604   12566228   34
 06  28.24933337  rs12199205   12619016   35
 06  28.36963265   rs6920298   12629025   36
 06  28.44700622   rs6927364   12703261   37
 06  28.54079115    rs519167   12721217   38
 06  28.61501059    rs475543   12826142   39
 06  28.72004948   rs6458461   12897177   40
 06  28.77751356  rs12528956   12941063   41
 06  28.89625328   rs7454157   13017860   42
 06  28.94869372   rs6922782   13056374   43
 06  29.00491896   rs9463377   13141562   44
 06  29.07269414   rs1223521   13245845   45
 06  29.25000949   rs6458720   13333056   46
 06  29.30133902   rs1512414   13384394   47
 06  29.37746679   rs2496132   13429076   48
 06  29.47356946    rs497505   13463464   49
 06  29.64497248    rs536916   13503537   50
