1001 20 0 0 1 1   1 2 2 2 1 2 1 2 2 2 1 2 1 1 2 2 2 2 1 2 2 2 0 0 1 2 1 1 1 2 1 2 2 2 1 2 2 2 1 2 1 1 1 1 1 1 1 2 1 1 1 2 1 1 1 2 1 2 1 2 2 2 2 2 1 1 1 2 1 1 1 1 2 2 2 2 2 2 1 1 2 2 2 2 1 1 1 2 1 1 2 2 2 2 1 2 1 2 1 1
1001 21 0 0 2 1   1 2 2 2 1 2 2 2 1 1 2 2 1 2 2 2 1 2 1 1 2 2 0 0 1 2 1 1 1 1 1 1 1 2 1 1 2 2 1 1 2 2 1 2 1 1 1 1 1 1 1 2 1 1 1 1 1 2 1 2 1 2 2 2 1 1 1 2 1 1 1 1 2 2 2 2 1 2 1 1 1 2 1 2 1 1 1 1 1 1 2 2 1 2 1 2 1 2 1 1
1001 22 20 21 1 2   1 1 2 2 1 2 1 2 1 2 1 2 1 1 2 2 2 2 1 2 2 2 0 0 1 2 1 1 1 1 1 1 2 2 1 2 2 2 1 2 1 2 1 2 1 1 1 1 1 1 1 2 1 1 1 1 1 1 1 2 2 2 2 2 1 1 1 1 1 1 1 1 2 2 2 2 1 2 1 1 1 2 1 2 1 1 1 2 1 1 2 2 1 2 1 1 2 2 1 1
1001 23 20 21 2 1   1 2 2 2 2 2 2 2 1 2 2 2 1 1 2 2 2 2 1 1 2 2 0 0 1 1 1 1 1 2 1 2 1 2 1 1 2 2 1 1 1 2 1 1 1 1 1 2 1 1 1 2 1 1 1 2 2 2 1 2 1 2 2 2 1 1 2 2 1 1 1 1 2 2 2 2 2 2 1 1 2 2 2 2 1 1 1 1 1 1 2 2 2 2 2 2 1 1 1 1
1002 16 0 0 1 1   1 1 2 2 2 2 2 2 1 2 2 2 1 2 1 2 2 2 1 2 2 2 0 0 2 2 1 1 1 1 1 2 1 2 1 2 2 2 1 1 2 2 2 2 1 1 1 1 1 1 2 2 1 1 1 1 1 1 2 2 1 2 1 2 1 1 2 2 1 1 1 1 2 2 1 2 1 1 2 2 1 1 1 1 1 1 1 2 1 1 2 2 2 2 2 2 2 2 1 2
1002 15 0 0 2 1   1 2 2 2 2 2 2 2 1 1 2 2 1 2 2 2 2 2 1 1 1 2 0 0 1 2 1 1 1 2 2 2 1 2 1 2 1 2 1 2 1 2 1 2 1 2 1 1 1 2 1 1 1 1 1 1 1 2 2 2 1 2 1 2 1 2 1 1 1 2 1 2 1 2 2 2 1 2 2 2 1 1 1 1 1 2 1 2 1 2 2 2 2 2 1 2 1 2 1 2
1002 17 16 15 2 2   1 2 2 2 2 2 2 2 1 1 2 2 1 2 2 2 2 2 1 1 1 2 0 0 2 2 1 1 1 2 1 2 1 2 1 2 2 2 1 1 2 2 1 2 1 1 1 1 1 1 1 2 1 1 1 1 1 2 2 2 2 2 2 2 1 2 1 2 1 1 1 1 2 2 1 2 1 2 2 2 1 1 1 1 1 1 1 2 1 2 2 2 2 2 1 2 2 2 2 2
1002 18 16 15 2 1   1 1 2 2 2 2 2 2 1 2 2 2 1 2 1 2 2 2 1 2 1 2 0 0 2 2 1 1 1 2 2 2 1 1 1 1 2 2 1 1 2 2 1 2 1 1 1 1 1 1 1 2 1 1 1 1 1 2 2 2 1 2 1 2 1 2 1 2 1 1 1 1 2 2 2 2 1 2 2 2 1 1 1 1 1 1 1 1 1 2 2 2 2 2 1 2 2 2 1 2
1002 19 16 15 1 1   1 1 2 2 2 2 2 2 1 1 2 2 1 1 2 2 2 2 1 1 2 2 0 0 1 2 1 1 1 1 1 2 2 2 2 2 1 2 1 2 1 2 2 2 1 2 1 1 1 2 1 2 1 1 1 1 1 1 2 2 1 2 1 2 1 1 1 2 1 2 1 2 1 2 1 2 1 1 2 2 1 1 1 1 1 1 1 2 1 2 2 2 2 2 1 2 2 2 2 2
1003 24 0 0 2 1   1 1 1 2 2 2 2 2 1 2 2 2 1 2 2 2 2 2 2 2 1 2 0 0 1 2 1 2 1 2 2 2 2 2 1 1 2 2 2 2 1 2 2 2 1 2 1 1 1 1 1 1 1 1 1 1 1 2 1 2 1 2 2 2 1 2 1 2 1 1 1 1 2 2 1 2 2 2 1 2 2 2 1 2 1 1 1 2 1 1 2 2 2 2 2 2 2 2 1 2
1003 7611 0 0 1 1   0 0 0 0 0 0 0 0 0 0 0 0 0 0 0 0 0 0 0 0 0 0 0 0 0 0 0 0 0 0 0 0 0 0 0 0 0 0 0 0 0 0 0 0 0 0 0 0 0 0 0 0 0 0 0 0 0 0 0 0 0 0 0 0 0 0 0 0 0 0 0 0 0 0 0 0 0 0 0 0 0 0 0 0 0 0 0 0 0 0 0 0 0 0 0 0 0 0 0 0
1003 27 7611 24 1 2   1 1 2 2 1 2 1 2 1 2 2 2 1 2 2 2 2 2 1 2 1 2 0 0 1 2 1 1 1 2 2 2 2 2 1 1 2 2 2 2 1 2 2 2 1 1 1 1 1 1 1 2 1 2 1 2 1 2 2 2 1 1 2 2 1 2 1 2 1 1 1 2 1 2 1 1 2 2 2 2 1 2 1 2 1 1 2 2 1 1 2 2 2 2 2 2 1 2 1 2
1003 25 7611 24 2 2   1 1 2 2 1 2 1 2 1 2 2 2 1 2 2 2 2 2 1 2 1 2 0 0 1 2 1 1 1 2 2 2 2 2 1 1 2 2 2 2 1 2 2 2 1 1 1 1 1 1 1 2 1 2 1 2 1 2 2 2 1 1 2 2 1 2 1 2 1 1 1 2 1 2 1 1 2 2 2 2 1 2 1 2 1 1 2 2 1 1 2 2 2 2 2 2 1 2 1 2
1004 76521 0 0 1 1   0 0 0 0 0 0 0 0 0 0 0 0 0 0 0 0 0 0 0 0 0 0 0 0 0 0 0 0 0 0 0 0 0 0 0 0 0 0 0 0 0 0 0 0 0 0 0 0 0 0 0 0 0 0 0 0 0 0 0 0 0 0 0 0 0 0 0 0 0 0 0 0 0 0 0 0 0 0 0 0 0 0 0 0 0 0 0 0 0 0 0 0 0 0 0 0 0 0 0 0
1004 76522 0 0 2 1   0 0 0 0 0 0 0 0 0 0 0 0 0 0 0 0 0 0 0 0 0 0 0 0 0 0 0 0 0 0 0 0 0 0 0 0 0 0 0 0 0 0 0 0 0 0 0 0 0 0 0 0 0 0 0 0 0 0 0 0 0 0 0 0 0 0 0 0 0 0 0 0 0 0 0 0 0 0 0 0 0 0 0 0 0 0 0 0 0 0 0 0 0 0 0 0 0 0 0 0
1004 76611 0 0 2 1   0 0 0 0 0 0 0 0 0 0 0 0 0 0 0 0 0 0 0 0 0 0 0 0 0 0 0 0 0 0 0 0 0 0 0 0 0 0 0 0 0 0 0 0 0 0 0 0 0 0 0 0 0 0 0 0 0 0 0 0 0 0 0 0 0 0 0 0 0 0 0 0 0 0 0 0 0 0 0 0 0 0 0 0 0 0 0 0 0 0 0 0 0 0 0 0 0 0 0 0
1004 7661 76521 76611 1 1   0 0 0 0 0 0 0 0 0 0 0 0 0 0 0 0 0 0 0 0 0 0 0 0 0 0 0 0 0 0 0 0 0 0 0 0 0 0 0 0 0 0 0 0 0 0 0 0 0 0 0 0 0 0 0 0 0 0 0 0 0 0 0 0 0 0 0 0 0 0 0 0 0 0 0 0 0 0 0 0 0 0 0 0 0 0 0 0 0 0 0 0 0 0 0 0 0 0 0 0
1004 7662 0 0 2 1   0 0 0 0 0 0 0 0 0 0 0 0 0 0 0 0 0 0 0 0 0 0 0 0 0 0 0 0 0 0 0 0 0 0 0 0 0 0 0 0 0 0 0 0 0 0 0 0 0 0 0 0 0 0 0 0 0 0 0 0 0 0 0 0 0 0 0 0 0 0 0 0 0 0 0 0 0 0 0 0 0 0 0 0 0 0 0 0 0 0 0 0 0 0 0 0 0 0 0 0
1004 7651 0 0 1 1   0 0 0 0 0 0 0 0 0 0 0 0 0 0 0 0 0 0 0 0 0 0 0 0 0 0 0 0 0 0 0 0 0 0 0 0 0 0 0 0 0 0 0 0 0 0 0 0 0 0 0 0 0 0 0 0 0 0 0 0 0 0 0 0 0 0 0 0 0 0 0 0 0 0 0 0 0 0 0 0 0 0 0 0 0 0 0 0 0 0 0 0 0 0 0 0 0 0 0 0
1004 7652 76521 76522 2 1   0 0 0 0 0 0 0 0 0 0 0 0 0 0 0 0 0 0 0 0 0 0 0 0 0 0 0 0 0 0 0 0 0 0 0 0 0 0 0 0 0 0 0 0 0 0 0 0 0 0 0 0 0 0 0 0 0 0 0 0 0 0 0 0 0 0 0 0 0 0 0 0 0 0 0 0 0 0 0 0 0 0 0 0 0 0 0 0 0 0 0 0 0 0 0 0 0 0 0 0
1004 6 7661 7662 1 1   1 1 2 2 2 2 2 2 1 1 2 2 1 2 2 2 2 2 2 2 1 1 0 0 1 2 1 1 1 1 2 2 2 2 1 1 2 2 2 2 1 2 2 2 1 2 1 1 1 1 1 1 1 1 1 2 2 2 2 2 2 2 1 2 1 2 2 2 1 1 1 2 2 2 1 2 1 2 2 2 1 2 1 2 1 1 1 2 1 1 2 2 2 2 2 2 2 2 1 2
1004 5 7651 7652 2 1   1 1 2 2 2 2 2 2 1 1 2 2 1 1 2 2 2 2 2 2 1 2 0 0 1 2 1 1 1 1 2 2 2 2 1 1 2 2 2 2 2 2 1 2 1 2 1 1 1 2 1 1 1 1 1 1 1 2 1 2 1 2 2 2 1 2 2 2 1 1 1 2 1 2 1 2 2 2 2 2 1 2 1 2 1 1 1 2 1 1 1 2 2 2 2 2 2 2 1 1
1004 11 6 5 2 1   1 1 2 2 2 2 2 2 1 1 2 2 1 2 2 2 2 2 2 2 1 1 0 0 1 2 1 1 1 1 2 2 2 2 1 1 2 2 2 2 1 2 2 2 1 2 1 1 1 1 1 1 1 1 1 2 2 2 2 2 2 2 1 2 1 2 2 2 1 1 1 2 2 2 1 2 1 2 2 2 1 2 1 2 1 1 1 2 1 1 2 2 2 2 2 2 2 2 1 2
1004 10 6 5 2 1   1 1 2 2 2 2 2 2 1 1 2 2 1 1 2 2 2 2 2 2 1 2 0 0 1 2 1 1 1 1 2 2 2 2 1 1 2 2 2 2 2 2 1 2 1 2 1 1 1 2 1 1 1 1 1 1 1 2 1 2 1 2 2 2 1 2 2 2 1 1 1 2 1 2 1 2 2 2 2 2 1 2 1 2 1 1 1 2 1 1 1 2 2 2 2 2 2 2 1 1
1004 9 6 5 1 1   1 1 2 2 2 2 2 2 1 1 2 2 1 2 2 2 2 2 2 2 1 1 0 0 1 2 1 1 1 1 2 2 2 2 1 1 2 2 2 2 1 2 2 2 1 2 1 1 1 1 1 1 1 1 1 2 2 2 2 2 2 2 1 2 1 2 2 2 1 1 1 2 2 2 1 2 1 2 2 2 1 2 1 2 1 1 1 2 1 1 2 2 2 2 2 2 2 2 1 2
1004 8 6 5 1 1   1 1 2 2 2 2 2 2 1 1 2 2 1 2 2 2 2 2 2 2 1 2 0 0 2 2 1 1 1 1 2 2 2 2 1 1 2 2 2 2 1 2 1 2 1 1 1 1 1 2 1 1 1 1 1 2 1 2 1 2 1 2 1 2 1 1 2 2 1 1 2 2 1 2 2 2 1 2 2 2 1 1 1 1 1 1 2 2 1 1 1 2 2 2 2 2 2 2 1 2
1004 7 6 5 1 2   1 1 2 2 2 2 2 2 1 1 2 2 1 1 2 2 2 2 2 2 1 1 0 0 1 1 1 1 1 1 2 2 2 2 1 1 2 2 2 2 2 2 2 2 2 2 1 1 1 1 1 1 1 1 1 1 2 2 2 2 2 2 2 2 2 2 2 2 1 1 1 1 2 2 1 1 2 2 2 2 2 2 2 2 1 1 1 1 1 1 2 2 2 2 2 2 2 2 1 1
