201 0 0 5
 0 0.0 0.0 0 
 1 2 3 4 5 6 7 8 9 10 11 12 13 14 15 16 17 18 19 20 21 22 23 24 25 26 27 28 29 30 31 32 33 34 35 36 37 38 39 40 41 42 43 44 45 46 47 48 49 50 51 52 53 54 55 56 57 58 59 60 61 62 63 64 65 66 67 68 69 70 71 72 73 74 75 76 77 78 79 80 81 82 83 84 85 86 87 88 89 90 91 92 93 94 95 96 97 98 99 100 101 102 103 104 105 106 107 108 109 110 111 112 113 114 115 116 117 118 119 120 121 122 123 124 125 126 127 128 129 130 131 132 133 134 135 136 137 138 139 140 141 142 143 144 145 146 147 148 149 150 151 152 153 154 155 156 157 158 159 160 161 162 163 164 165 166 167 168 169 170 171 172 173 174 175 176 177 178 179 180 181 182 183 184 185 186 187 188 189 190 191 192 193 194 195 196 197 198 199 200 201
1  2 	# TRAIT
 0.9999 0.0001
 1
 0.000 0.000 1.000
3  2 	# rs2782908
 0.3989 0.6011
3  2 	# rs3849205
 0.4888 0.5112
3  2 	# rs6909610
 0.4775 0.5225
3  2 	# rs4334996
 0.0955 0.9045
3  2 	# rs6928093
 0.2303 0.7697
3  2 	# rs7769811
 0.2472 0.7528
3  2 	# rs9390890
 0.0955 0.9045
3  2 	# rs7761003
 0.1348 0.8652
3  2 	# rs9404303
 0.2528 0.7472
3  2 	# rs12205502
 0.3820 0.6180
3  2 	# rs2742702
 0.2247 0.7753
3  2 	# rs17624545
 0.1348 0.8652
3  2 	# rs2506754
 0.1348 0.8652
3  2 	# rs9404464
 0.3708 0.6292
3  2 	# rs4335016
 0.1629 0.8371
3  2 	# rs13362595
 0.1910 0.8090
3  2 	# rs2205746
 0.2303 0.7697
3  2 	# rs859980
 0.1742 0.8258
3  2 	# rs12203539
 0.2557 0.7443
3  2 	# rs6942087
 0.1067 0.8933
3  2 	# rs4946463
 0.3764 0.6236
3  2 	# rs450996
 0.4831 0.5169
3  2 	# rs6910034
 0.2640 0.7360
3  2 	# rs2153127
 0.3820 0.6180
3  2 	# rs221626
 0.2247 0.7753
3  2 	# rs768781
 0.1124 0.8876
3  2 	# rs1765924
 0.1910 0.8090
3  2 	# rs1189924
 0.3764 0.6236
3  2 	# rs1617445
 0.3371 0.6629
3  2 	# rs9500087
 0.0787 0.9213
3  2 	# rs6909720
 0.0225 0.9775
3  2 	# rs1269287
 0.0506 0.9494
3  2 	# rs6919641
 0.1292 0.8708
3  2 	# rs4946673
 0.0843 0.9157
3  2 	# rs714530
 0.1629 0.8371
3  2 	# rs2027873
 0.3876 0.6124
3  2 	# rs4440505
 0.1854 0.8146
3  2 	# rs2895618
 0.4045 0.5955
3  2 	# rs11966261
 0.4775 0.5225
3  2 	# rs13437093
 0.4944 0.5056
3  2 	# rs4568493
 0.1180 0.8820
3  2 	# rs9386492
 0.4551 0.5449
3  2 	# rs11152943
 0.2640 0.7360
3  2 	# rs9480625
 0.4438 0.5562
3  2 	# rs6925611
 0.1798 0.8202
3  2 	# rs535490
 0.0843 0.9157
3  2 	# rs9398069
 0.4888 0.5112
3  2 	# rs1322178
 0.0281 0.9719
3  2 	# rs17251215
 0.1124 0.8876
3  2 	# rs2749083
 0.0787 0.9213
3  2 	# rs987377
 0.2528 0.7472
3  2 	# rs927016
 0.1854 0.8146
3  2 	# rs6905896
 0.3933 0.6067
3  2 	# rs6925883
 0.3989 0.6011
3  2 	# rs7760555
 0.3933 0.6067
3  2 	# rs1159148
 0.0449 0.9551
3  2 	# rs898898
 0.3876 0.6124
3  2 	# rs3127660
 0.4663 0.5337
3  2 	# rs6915445
 0.4045 0.5955
3  2 	# rs1022630
 0.3090 0.6910
3  2 	# rs3117418
 0.0618 0.9382
3  2 	# rs3099605
 0.2670 0.7330
3  2 	# rs311232
 0.1517 0.8483
3  2 	# rs6568468
 0.3371 0.6629
3  2 	# rs17068076
 0.3708 0.6292
3  2 	# rs7745716
 0.2809 0.7191
3  2 	# rs6940398
 0.1067 0.8933
3  2 	# rs9373956
 0.3034 0.6966
3  2 	# rs847003
 0.4101 0.5899
3  2 	# rs1728118
 0.4944 0.5056
3  2 	# rs6934505
 0.0506 0.9494
3  2 	# rs17528372
 0.0393 0.9607
3  2 	# rs6900051
 0.0562 0.9438
3  2 	# rs9372175
 0.1798 0.8202
3  2 	# rs2050042
 0.4775 0.5225
3  2 	# rs7770621
 0.1573 0.8427
3  2 	# rs9400180
 0.4382 0.5618
3  2 	# rs4946900
 0.1573 0.8427
3  2 	# rs6919324
 0.2022 0.7978
3  2 	# rs218291
 0.2360 0.7640
3  2 	# rs217520
 0.3764 0.6236
3  2 	# rs6903501
 0.3427 0.6573
3  2 	# rs6911407
 0.2360 0.7640
3  2 	# rs517924
 0.1461 0.8539
3  2 	# rs6928805
 0.4775 0.5225
3  2 	# rs541020
 0.3820 0.6180
3  2 	# rs471422
 0.3371 0.6629
3  2 	# rs12195848
 0.0225 0.9775
3  2 	# rs351739
 0.3371 0.6629
3  2 	# rs11759269
 0.4494 0.5506
3  2 	# rs12181780
 0.1067 0.8933
3  2 	# rs10499054
 0.3258 0.6742
3  2 	# rs6903208
 0.3539 0.6461
3  2 	# rs9487258
 0.0843 0.9157
3  2 	# rs2503772
 0.3034 0.6966
3  2 	# rs2505039
 0.1573 0.8427
3  2 	# rs9372248
 0.2022 0.7978
3  2 	# rs976471
 0.4045 0.5955
3  2 	# rs9374167
 0.2303 0.7697
3  2 	# rs3823447
 0.0116 0.9884
3  2 	# rs2428175
 0.1461 0.8539
3  2 	# rs2023705
 0.1067 0.8933
3  2 	# rs9487444
 0.1011 0.8989
3  2 	# rs7768897
 0.3315 0.6685
3  2 	# rs13202203
 0.1629 0.8371
3  2 	# rs9320356
 0.1517 0.8483
3  2 	# rs17606253
 0.0337 0.9663
3  2 	# rs11153298
 0.4607 0.5393
3  2 	# rs9387018
 0.4831 0.5169
3  2 	# rs1794821
 0.0899 0.9101
3  2 	# rs809193
 0.3820 0.6180
3  2 	# rs2182644
 0.1404 0.8596
3  2 	# rs9387058
 0.2303 0.7697
3  2 	# rs1028122
 0.2472 0.7528
3  2 	# rs925755
 0.0506 0.9494
3  2 	# rs1160798
 0.1180 0.8820
3  2 	# rs6913656
 0.4775 0.5225
3  2 	# rs4945899
 0.3708 0.6292
3  2 	# rs6935727
 0.1573 0.8427
3  2 	# rs9400534
 0.3596 0.6404
3  2 	# rs1150092
 0.0955 0.9045
3  2 	# rs9398318
 0.1236 0.8764
3  2 	# rs4947192
 0.4663 0.5337
3  2 	# rs9320418
 0.0674 0.9326
3  2 	# rs2127965
 0.3090 0.6910
3  2 	# rs9488105
 0.4775 0.5225
3  2 	# rs9488119
 0.0730 0.9270
3  2 	# rs9488159
 0.4663 0.5337
3  2 	# rs620611
 0.1966 0.8034
3  2 	# rs7769338
 0.3258 0.6742
3  2 	# rs6931833
 0.2022 0.7978
3  2 	# rs7774400
 0.2640 0.7360
3  2 	# rs11153451
 0.4494 0.5506
3  2 	# rs2810160
 0.2528 0.7472
3  2 	# rs9372385
 0.4719 0.5281
3  2 	# rs1022387
 0.3977 0.6023
3  2 	# rs9320489
 0.4607 0.5393
3  2 	# rs785129
 0.4045 0.5955
3  2 	# rs750377
 0.1124 0.8876
3  2 	# rs7745314
 0.3315 0.6685
3  2 	# rs9387243
 0.4326 0.5674
3  2 	# rs4425620
 0.2865 0.7135
3  2 	# rs9372417
 0.4438 0.5562
3  2 	# rs1229831
 0.4270 0.5730
3  2 	# rs1548305
 0.2584 0.7416
3  2 	# rs1156783
 0.1742 0.8258
3  2 	# rs6908592
 0.5000 0.5000
3  2 	# rs562819
 0.1404 0.8596
3  2 	# rs11965969
 0.2978 0.7022
3  2 	# rs3798413
 0.3933 0.6067
3  2 	# rs17078062
 0.4101 0.5899
3  2 	# rs548101
 0.4438 0.5562
3  2 	# rs783642
 0.1124 0.8876
3  2 	# rs783371
 0.1685 0.8315
3  2 	# rs620590
 0.2247 0.7753
3  2 	# rs451411
 0.1761 0.8239
3  2 	# rs485768
 0.1236 0.8764
3  2 	# rs3777958
 0.1011 0.8989
3  2 	# rs9489138
 0.0787 0.9213
3  2 	# rs6942067
 0.3202 0.6798
3  2 	# rs4946265
 0.2416 0.7584
3  2 	# rs636205
 0.2978 0.7022
3  2 	# rs7754471
 0.2528 0.7472
3  2 	# rs7738597
 0.2753 0.7247
3  2 	# rs12208433
 0.2697 0.7303
3  2 	# rs11153725
 0.2697 0.7303
3  2 	# rs12204456
 0.3034 0.6966
3  2 	# rs11153771
 0.0899 0.9101
3  2 	# rs7742814
 0.2416 0.7584
3  2 	# rs4945630
 0.3146 0.6854
3  2 	# rs9320680
 0.2865 0.7135
3  2 	# rs3798603
 0.1573 0.8427
3  2 	# rs195077
 0.2022 0.7978
3  2 	# rs6910329
 0.2022 0.7978
3  2 	# rs9374827
 0.5000 0.5000
3  2 	# rs1028961
 0.0674 0.9326
3  2 	# rs6933285
 0.3315 0.6685
3  2 	# rs10484970
 0.2921 0.7079
3  2 	# rs10457375
 0.3483 0.6517
3  2 	# rs9320751
 0.2978 0.7022
3  2 	# rs4535586
 0.3652 0.6348
3  2 	# rs17082686
 0.0618 0.9382
3  2 	# rs12194792
 0.3764 0.6236
3  2 	# rs4535587
 0.0674 0.9326
3  2 	# rs9387916
 0.3258 0.6742
3  2 	# rs9482157
 0.3876 0.6124
3  2 	# rs2389541
 0.3034 0.6966
3  2 	# rs6925183
 0.4775 0.5225
3  2 	# rs4523118
 0.4157 0.5843
3  2 	# rs1034443
 0.3764 0.6236
3  2 	# rs2679699
 0.3315 0.6685
3  2 	# rs9388041
 0.1742 0.8258
3  2 	# rs2094574
 0.3483 0.6517
3  2 	# rs9398679
 0.3764 0.6236
3  2 	# rs6913003
 0.1067 0.8933
3  2 	# rs9490545
 0.3258 0.6742
3  2 	# rs9375185
 0.3933 0.6067
3  2 	# rs11154116
 0.1236 0.8764
3  2 	# rs4962262
 0.3483 0.6517
3  2 	# rs9401609
 0.4270 0.5730
 0 0
 0.1  0.000789  0.001359  0.000502  0.000700  0.000523  0.001758  0.000501  0.000523  0.000820  0.000572  0.000509  0.002106  0.000532  0.001154  0.000970  0.002212  0.000511  0.000872  0.001413  0.000572  0.000823  0.000687  0.000502  0.000650  0.000807  0.001390  0.000943  0.000979  0.000645  0.001049  0.000560  0.000988  0.001111  0.000554  0.001750  0.000559  0.001563  0.001220  0.002065  0.001781  0.000937  0.000550  0.000709  0.000743  0.001160  0.000504  0.000789  0.000555  0.000888  0.000513  0.000572  0.000634  0.001528  0.000609  0.000572  0.000505  0.000559  0.000563  0.000673  0.000736  0.005058  0.000964  0.002588  0.000721  0.000510  0.000553  0.000771  0.001628  0.000522  0.001158  0.000805  0.000643  0.001362  0.000734  0.000843  0.000747  0.001534  0.000628  0.001269  0.000709  0.000538  0.000654  0.000532  0.002191  0.000806  0.000502  0.001427  0.001249  0.000566  0.000882  0.000645  0.001209  0.001124  0.001379  0.001510  0.000540  0.002048  0.001263  0.000668  0.000863  0.000796  0.000596  0.000531  0.000520  0.001570  0.001083  0.000536  0.000566  0.000568  0.000533  0.000508  0.000504  0.000614  0.001199  0.000545  0.000735  0.000888  0.000833  0.001577  0.002021  0.000767  0.001025  0.000576  0.000625  0.000784  0.000657  0.000540  0.000950  0.000602  0.000600  0.000523  0.000606  0.001193  0.000658  0.000983  0.000855  0.000824  0.000777  0.000501  0.000741  0.000619  0.000574  0.000519  0.000861  0.000642  0.001060  0.000523  0.000513  0.000834  0.000524  0.000830  0.000516  0.000589  0.000505  0.001679  0.000503  0.000792  0.001625  0.000605  0.000593  0.000597  0.000539  0.000551  0.000563  0.001757  0.000517  0.000553  0.000728  0.000700  0.000928  0.000666  0.000548  0.000962  0.000596  0.000676  0.000807  0.000593  0.000560  0.000577  0.000516  0.000526  0.000547  0.000666  0.000542  0.001180  0.000589  0.000546  0.002475  0.000843  0.000666  0.000503  0.000510  0.000612  0.000502  0.000745  0.002233  0.000636  0.000568  0.000634
 1      2.0  1.0
