109 0 0 5
 0 0.0 0.0 0 
 1 2 3 4 5 6 7 8 9 10 11 12 13 14 15 16 17 18 19 20 21 22 23 24 25 26 27 28 29 30 31 32 33 34 35 36 37 38 39 40 41 42 43 44 45 46 47 48 49 50 51 52 53 54 55 56 57 58 59 60 61 62 63 64 65 66 67 68 69 70 71 72 73 74 75 76 77 78 79 80 81 82 83 84 85 86 87 88 89 90 91 92 93 94 95 96 97 98 99 100 101 102 103 104 105 106 107 108 109
1  2 	# TRAIT
 0.9999 0.0001
 1
 0.000 0.000 1.000
3  2 	# rs533040
 0.4494 0.5506
3  2 	# rs17193
 0.3652 0.6348
3  2 	# rs9459417
 0.0674 0.9326
3  2 	# rs220821
 0.4494 0.5506
3  2 	# rs221724
 0.1798 0.8202
3  2 	# rs6906719
 0.2584 0.7416
3  2 	# rs6938249
 0.3315 0.6685
3  2 	# rs2983505
 0.0730 0.9270
3  2 	# rs7762160
 0.3090 0.6910
3  2 	# rs9459464
 0.2528 0.7472
3  2 	# rs3008054
 0.4831 0.5169
3  2 	# rs9347084
 0.1011 0.8989
3  2 	# rs1039001
 0.1180 0.8820
3  2 	# rs6928719
 0.3539 0.6461
3  2 	# rs10455964
 0.1404 0.8596
3  2 	# rs7741397
 0.3483 0.6517
3  2 	# rs955075
 0.2978 0.7022
3  2 	# rs6899687
 0.0225 0.9775
3  2 	# rs300148
 0.1854 0.8146
3  2 	# rs2166251
 0.1910 0.8090
3  2 	# rs2305089
 0.3258 0.6742
3  2 	# rs12190692
 0.2584 0.7416
3  2 	# rs4709109
 0.4775 0.5225
3  2 	# rs6910073
 0.3876 0.6124
3  2 	# rs6934656
 0.0843 0.9157
3  2 	# rs2343591
 0.0562 0.9438
3  2 	# rs9355578
 0.1629 0.8371
3  2 	# rs9355580
 0.0843 0.9157
3  2 	# rs3817792
 0.3933 0.6067
3  2 	# rs734560
 0.4326 0.5674
3  2 	# rs12524741
 0.1348 0.8652
3  2 	# rs1894660
 0.3793 0.6207
3  2 	# rs378373
 0.2640 0.7360
3  2 	# rs3823204
 0.2416 0.7584
3  2 	# rs3823196
 0.2416 0.7584
3  2 	# rs916390
 0.3876 0.6124
3  2 	# rs6903559
 0.3202 0.6798
3  2 	# rs6456102
 0.3989 0.6011
3  2 	# rs760837
 0.0169 0.9831
3  2 	# rs3734600
 0.2809 0.7191
3  2 	# rs4710089
 0.2247 0.7753
3  2 	# rs10946189
 0.0843 0.9157
3  2 	# rs2881194
 0.3034 0.6966
3  2 	# rs13216122
 0.1461 0.8539
3  2 	# rs7755545
 0.0449 0.9551
3  2 	# rs13213697
 0.0056 0.9944
3  2 	# rs2757048
 0.4719 0.5281
3  2 	# rs2149085
 0.3764 0.6236
3  2 	# rs3798315
 0.1461 0.8539
3  2 	# rs3093000
 0.3539 0.6461
3  2 	# rs2180713
 0.4663 0.5337
3  2 	# rs4709159
 0.4382 0.5618
3  2 	# rs7749014
 0.4831 0.5169
3  2 	# rs6934339
 0.1517 0.8483
3  2 	# rs4364453
 0.1124 0.8876
3  2 	# rs9364939
 0.4326 0.5674
3  2 	# rs676740
 0.0393 0.9607
3  2 	# rs2843011
 0.1854 0.8146
3  2 	# rs11751451
 0.1685 0.8315
3  2 	# rs3734900
 0.4888 0.5112
3  2 	# rs9455952
 0.2079 0.7921
3  2 	# rs12213265
 0.4045 0.5955
3  2 	# rs9455576
 0.1236 0.8764
3  2 	# rs4708668
 0.0843 0.9157
3  2 	# rs12214678
 0.0169 0.9831
3  2 	# rs4708445
 0.4213 0.5787
3  2 	# rs2291098
 0.4888 0.5112
3  2 	# rs9346682
 0.2022 0.7978
3  2 	# rs12202943
 0.0674 0.9326
3  2 	# rs1551988
 0.1573 0.8427
3  2 	# rs4292501
 0.2079 0.7921
3  2 	# rs2609299
 0.3090 0.6910
3  2 	# rs2749266
 0.3708 0.6292
3  2 	# rs9456183
 0.1798 0.8202
3  2 	# rs11969025
 0.1517 0.8483
3  2 	# rs3734421
 0.1517 0.8483
3  2 	# rs911946
 0.2472 0.7528
3  2 	# rs677107
 0.0787 0.9213
3  2 	# rs9364289
 0.1011 0.8989
3  2 	# rs9364309
 0.4213 0.5787
3  2 	# rs9294935
 0.3708 0.6292
3  2 	# rs4596451
 0.2191 0.7809
3  2 	# rs9294943
 0.3764 0.6236
3  2 	# rs12193635
 0.2753 0.7247
3  2 	# rs9346612
 0.3820 0.6180
3  2 	# rs9688959
 0.3090 0.6910
3  2 	# rs1132782
 0.0966 0.9034
3  2 	# rs9379341
 0.3034 0.6966
3  2 	# rs6605524
 0.1180 0.8820
3  2 	# rs9717830
 0.2640 0.7360
3  2 	# rs9294983
 0.1742 0.8258
3  2 	# rs9406330
 0.2809 0.7191
3  2 	# rs9283852
 0.1629 0.8371
3  2 	# rs7741251
 0.0618 0.9382
3  2 	# rs4716360
 0.2697 0.7303
3  2 	# rs9478102
 0.0337 0.9663
3  2 	# rs6904219
 0.0787 0.9213
3  2 	# rs4710807
 0.2865 0.7135
3  2 	# rs1532389
 0.2697 0.7303
3  2 	# rs10946292
 0.3315 0.6685
3  2 	# rs4710758
 0.3764 0.6236
3  2 	# rs745285
 0.4382 0.5618
3  2 	# rs7763013
 0.4944 0.5056
3  2 	# rs7771267
 0.0955 0.9045
3  2 	# rs2983222
 0.3820 0.6180
3  2 	# rs6909300
 0.1124 0.8876
3  2 	# rs10806879
 0.0506 0.9494
3  2 	# rs9356658
 0.2191 0.7809
 0 0
 0.1  0.000937  0.000597  0.001801  0.002084  0.000684  0.000573  0.000521  0.001106  0.000651  0.001469  0.000538  0.001091  0.001689  0.000611  0.001708  0.000543  0.001237  0.000534  0.000522  0.000512  0.001093  0.000527  0.001178  0.002321  0.001393  0.000607  0.003672  0.000885  0.000535  0.000683  0.000783  0.000669  0.000637  0.000515  0.001468  0.000576  0.000561  0.000983  0.000508  0.001711  0.001433  0.001623  0.001303  0.000639  0.000806  0.000561  0.000526  0.000767  0.001291  0.001823  0.000627  0.001722  0.001271  0.000521  0.000547  0.008645  0.001143  0.000548  0.002263  0.000575  0.000515  0.000552  0.000537  0.001783  0.001710  0.000564  0.000543  0.000798  0.001378  0.000585  0.000647  0.000662  0.000830  0.000559  0.000632  0.000649  0.000564  0.000512  0.000806  0.000607  0.000733  0.001247  0.000503  0.002004  0.002379  0.000529  0.000568  0.000550  0.000626  0.001720  0.001172  0.000733  0.000532  0.000529  0.000502  0.000582  0.002134  0.000597  0.000825  0.000525  0.001406  0.001200  0.000517  0.000516  0.000693  0.000834  0.000517
 1      2.0  1.0
