#Chr    Genpos       Marker     Physpos    Nr
 06  161.92696343   rs2185276  153707953    1
 06  162.13844016   rs6922464  153748939    2
 06  162.33210514   rs1221934  153766238    3
 06  162.39044127    rs270309  153799429    4
 06  162.44561890   rs1674729  153905756    5
 06  162.56862885   rs4493751  153958997    6
 06  162.62218855   rs9479664  153987260    7
 06  162.75350984   rs1937600  154058890    8
 06  162.80355945   rs2350402  154197611    9
 06  162.87142410   rs7745695  154308258   10
 06  162.93645664    rs660756  154457127   11
 06  163.18086894   rs9383693  154516563   12
 06  163.23712736   rs6935927  154602029   13
 06  163.30372380   rs6930716  154648437   14
 06  163.37135420   rs2092417  154698212   15
 06  163.43450693    rs742517  154719415   16
 06  163.59452260   rs9479825  154740760   17
 06  163.65673422   rs1933685  154757603   18
 06  163.71286508   rs7745077  154774766   19
 06  163.81602534   rs2185112  154807300   20
 06  163.92961495  rs12194277  154841710   21
 06  164.09792408   rs6911971  154857583   22
 06  164.17620025  rs17085526  154918196   23
 06  164.31117987   rs9371822  155028263   24
 06  164.43692357   rs9479954  155133891   25
 06  164.56765891   rs6557385  155276909   26
 06  164.88788760   rs6934056  155321477   27
 06  164.95154247   rs7745332  155342738   28
 06  165.08378800   rs9322494  155360847   29
 06  165.26968036   rs7746011  155386873   30
 06  165.35498992   rs7774757  155417681   31
 06  165.40900466  rs11156008  155424890   32
 06  165.47351159   rs9397228  155498510   33
 06  165.52389040   rs6905473  155546652   34
 06  165.67220770   rs6919431  155559364   35
 06  165.72842559   rs6557409  155585842   36
 06  165.79743135   rs1408756  155622716   37
 06  165.86589915    rs335405  155703512   38
 06  166.03512361  rs13207865  155784937   39
 06  166.09295418    rs231957  155796015   40
 06  166.14599374   rs6919626  155808054   41
 06  166.20123734   rs7738860  155846973   42
 06  166.26280284  rs11755068  155952718   43
 06  166.32161898   rs4407725  156059983   44
 06  166.56977324   rs4128674  156168680   45
 06  166.62076291   rs9371930  156199691   46
 06  166.68352191   rs9371932  156203724   47
 06  166.73408752   rs9397861  156279496   48
 06  166.82721913   rs9383788  156332072   49
 06  166.97642678   rs1349239  156393508   50
 06  167.05797479   rs2354391  156436700   51
 06  167.10820824   rs4394225  156500434   52
 06  167.16318142  rs17187232  156519452   53
 06  167.22799309   rs6557482  156560823   54
 06  167.28059739   rs4382278  156623507   55
 06  167.48521239   rs9480304  156662016   56
 06  167.53838654   rs7739135  156683121   57
 06  167.60122147   rs4429960  156756591   58
 06  167.67107309   rs9371428  156781883   59
 06  167.80724920   rs2603433  156805767   60
 06  167.85850741   rs2493701  156884154   61
 06  167.92957464   rs9480347  156910347   62
 06  168.00267260   rs1022984  156962756   63
 06  168.06325657   rs9397956  157013380   64
 06  168.29414633   rs4870483  157131202   65
 06  168.35583205  rs11961360  157277723   66
 06  168.41365849   rs6906983  157303720   67
 06  168.47749757   rs7770280  157431587   68
 06  168.56211719   rs3734440  157447453   69
 06  168.64447750  rs12211307  157472951   70
 06  168.76820245   rs1007250  157503677   71
 06  169.42095030    rs602890  157989387   72
 06  169.47905431    rs675658  158021899   73
 06  169.53742623   rs9458301  158058604   74
 06  169.60783745   rs1864500  158104841   75
 06  169.79831555    rs928008  158115683   76
 06  170.00004389   rs2746217  158224903   77
 06  170.08645090  rs10455934  158332172   78
 06  170.14285644   rs2295893  158374862   79
 06  170.19776939   rs1009014  158407131   80
 06  170.24982021    rs662185  158542379   81
 06  170.30858309   rs4710078  158569341   82
 06  170.36318355    rs827977  158724635   83
 06  170.43777366   rs2083587  158887372   84
 06  170.48837511   rs9457413  158952658   85
 06  170.54000508   rs9457437  159038966   86
 06  170.63403007   rs6933401  159086317   87
 06  170.69232436   rs7746144  159197314   88
 06  170.75562035   rs9457509  159237500   89
 06  170.86740805  rs12662184  159256206   90
 06  170.91914696   rs1738074  159385965   91
 06  170.96990571   rs3120629  159434587   92
 06  171.09163274   rs7765276  159469377   93
 06  171.15629571   rs2485328  159476345   94
 06  171.32738744    rs449602  159553588   95
 06  171.41083703   rs6455633  159715322   96
 06  171.54812071   rs6455639  159781276   97
 06  171.61348445   rs4709326  159786399   98
 06  171.68062723   rs9355736  159851095   99
 06  171.81256358  rs10945617  159872422  100
 06  171.98546797   rs7755526  159918868  101
 06  172.03837824   rs4709364  160081215  102
 06  172.16784442   rs6924573  160206178  103
 06  172.21996914   rs1003737  160350646  104
 06  172.27132524   rs4709390  160373551  105
 06  172.33043814    rs920812  160410304  106
 06  172.38574322    rs622342  160492856  107
 06  172.49086714   rs2083867  160503038  108
 06  172.57215804    rs596881  160557229  109
 06  172.62428034    rs316029  160606658  110
 06  172.68030913    rs437865  160706332  111
 06  172.75467396   rs1367211  161002685  112
 06  172.80685202   rs7767705  161031103  113
 06  172.92726164   rs9295131  161056284  114
 06  172.98038155   rs2489944  161212903  115
 06  173.15690897    rs590884  161298182  116
 06  173.21032353   rs1562026  161380927  117
 06  173.26079643  rs10945713  161475830  118
 06  173.31736366   rs2064721  161529006  119
 06  173.37487212   rs7738367  161571358  120
 06  173.42782347   rs3823058  161600834  121
 06  173.63522627   rs1077281  161627455  122
 06  173.79786395   rs9347493  161651000  123
 06  173.88111737   rs9458225  161686381  124
 06  173.96042761   rs7766508  161713309  125
 06  174.34090151   rs6455728  161769779  126
 06  174.47434807  rs11968360  161794438  127
 06  174.55916828   rs6903203  161808401  128
 06  174.63627981   rs9456676  161819234  129
 06  174.68784955    rs480557  161872877  130
 06  174.74816543   rs6910938  161892176  131
 06  174.81775439   rs9364605  161926826  132
 06  174.89763318   rs6455744  161980458  133
 06  174.95136788   rs9347532  162013931  134
 06  175.06528919   rs6921226  162048533  135
 06  175.12774056   rs4708928  162077850  136
 06  175.25534684   rs7760443  162092708  137
 06  175.37518126   rs3016538  162156672  138
 06  175.44385198   rs9347543  162172592  139
 06  175.56157032  rs12111115  162186366  140
 06  175.63469718   rs6909000  162218341  141
 06  175.72514786  rs12111075  162224195  142
 06  175.93980270   rs9347564  162255457  143
 06  176.00017138   rs1954916  162367602  144
 06  176.07638566   rs1893551  162427680  145
 06  176.21093767    rs713053  162491253  146
 06  176.36596373  rs10945802  162539267  147
 06  176.51033966   rs9346906  162562714  148
 06  176.58155382   rs4392700  162644237  149
 06  176.63376739  rs10945816  162699141  150
 06  176.71874113   rs4709612  162795696  151
 06  176.91577843   rs7740031  162832504  152
 06  177.03308804   rs6908330  162863051  153
 06  177.08356983  rs10945861  163093668  154
 06  177.15586359   rs9346937  163199969  155
 06  177.20692951   rs1828819  163253575  156
 06  177.33264842   rs9347707  163281186  157
 06  177.38769489    rs577398  163448796  158
 06  177.43921223    rs566126  163474031  159
 06  177.50052997   rs2235993  163510246  160
 06  177.57078842   rs1022611  163542648  161
 06  177.62385636   rs6916948  163570421  162
 06  177.76632660   rs1555064  163597017  163
 06  177.96506964   rs4709696  163642258  164
 06  178.18780350   rs6903758  163656492  165
 06  178.24389018   rs4709704  163678931  166
 06  178.36910733   rs1629251  163712410  167
 06  178.54791677   rs4709725  163928398  168
 06  178.61506736   rs6933936  163963815  169
 06  178.67741472   rs4709737  164004661  170
 06  178.84925313   rs9458886  164024818  171
 06  178.92019612  rs12199352  164106305  172
 06  178.99602313  rs13215377  164242725  173
 06  179.11537029  rs11755754  164245482  174
 06  179.16554542   rs1040644  164267616  175
 06  179.32170324   rs7775629  164281534  176
 06  179.46143180   rs9456909  164304209  177
 06  179.51841481   rs7754718  164311752  178
 06  179.58384750   rs9458967  164362259  179
 06  179.63723510   rs4709819  164383345  180
 06  179.71389434   rs4709823  164454572  181
 06  179.79987610   rs9356186  164481699  182
 06  180.03545536   rs9459017  164516768  183
 06  180.18917831   rs9356192  164559951  184
 06  180.38001664    rs814255  164610962  185
 06  180.76943120   rs1496118  164703881  186
 06  180.85863903   rs9356221  164850992  187
 06  180.95521250   rs7760143  164908123  188
 06  181.03361106   rs6919146  164979956  189
 06  181.09248695   rs4709871  164986861  190
 06  181.16028552    rs968009  165185278  191
 06  181.25917662    rs996301  165244348  192
 06  181.31381770  rs11754642  165316451  193
 06  181.43641198   rs3967133  165371458  194
 06  181.49085200   rs1322193  165407121  195
 06  181.62816904   rs9347988  165431910  196
 06  181.68164353    rs894240  165477540  197
 06  181.91055822   rs6923393  165514783  198
 06  181.98191576   rs4709927  165593737  199
 06  182.03945807    rs533040  165652625  200
