#Chr    Genpos       Marker     Physpos    Nr
 06  74.28730787   rs1896967   51936437    1
 06  74.33987859   rs1413917   52110269    2
 06  74.47905756   rs8193037   52159068    3
 06  74.53025320  rs12201582   52212648    4
 06  74.66510412    rs472589   52311791    5
 06  74.78572518   rs6912417   52320969    6
 06  74.83736905  rs10456660   52361798    7
 06  74.89068600   rs4715307   52532677    8
 06  74.99847014   rs7746685   52558406    9
 06  75.05687195    rs723815   52627162   10
 06  75.26555627   rs2180312   52712013   11
 06  75.31980512  rs13215455   52847613   12
 06  75.47825751    rs668163   52860993   13
 06  75.57284904  rs10456664   52918612   14
 06  75.67206390  rs11962677   52923725   15
 06  75.74577155  rs17608022   52940036   16
 06  75.81654627   rs2816346   53106747   17
 06  75.86726428  rs10484663   53183217   18
 06  75.91924453   rs9474466   53219476   19
 06  75.99735227    rs934147   53347567   20
 06  76.12732034  rs12209741   53391346   21
 06  76.27206304   rs1467408   53459248   22
 06  76.32250529   rs2397146   53468078   23
 06  76.48584171    rs510088   53516748   24
 06  76.54898013   rs7738142   53529869   25
 06  76.60237184    rs809942   53551228   26
 06  76.65371784    rs676965   53584729   27
 06  76.72151808  rs12210809   53627816   28
 06  76.77354608   rs9370225   53654545   29
 06  76.96048160   rs4715416   53673991   30
 06  77.01115549   rs3001006   53808052   31
 06  77.10425647   rs9370251   53955631   32
 06  77.15610673  rs12206659   53977180   33
 06  77.25348781   rs9382278   54010676   34
 06  77.30610066    rs499594   54083872   35
 06  77.38063565   rs2136136   54263630   36
 06  77.43477477   rs3907818   54386233   37
 06  77.49481755   rs9367581   54527706   38
 06  77.55386740  rs10484986   54586489   39
 06  77.62316384   rs2135760   54740495   40
 06  77.68786870   rs7453866   54861585   41
 06  77.74674514  rs12209485   55119689   42
 06  77.79821097   rs3122156   55190766   43
 06  77.86265903    rs958626   55299182   44
 06  77.91852856   rs3942865   55363787   45
 06  77.97285547   rs1472641   55409682   46
 06  78.04097632   rs4236134   55551311   47
 06  78.10316024  rs11754509   55581253   48
 06  78.15590373   rs2498529   55671162   49
 06  78.22732509  rs12174118   55792259   50
 06  78.27945022   rs3798818   55847012   51
 06  78.32995974   rs7357042   55983225   52
 06  78.41001384   rs4715574   56022598   53
 06  78.54871472   rs3807013   56220749   54
 06  78.60172738   rs7739763   56310063   55
 06  78.66384576   rs9475676   56316710   56
 06  78.72798145    rs606894   56403616   57
 06  78.80478452   rs1903332   56830194   58
 06  78.87108186   rs4715646   57008299   59
 06  79.00575885   rs7760349   57220087   60
 06  79.06042900   rs1888266   57290027   61
 06  79.13594313   rs9476005   57437845   62
 06  79.19309203   rs4440467   57774386   63
 06  79.28341327   rs7776004   58451721   64
 06  79.33512316   rs1336317   62092916   65
 06  79.38533023   rs6901766   62709022   66
 06  79.43553279   rs4710674   62957473   67
 06  79.48698107   rs1334737   63328528   68
 06  79.53963812  rs12190145   63620474   69
 06  79.60108449   rs9359331   63944147   70
 06  79.65904572   rs2677024   64142764   71
 06  79.71593191   rs7767473   64413118   72
 06  79.76853629   rs9353368   64706120   73
 06  79.83442007   rs6454771   65058897   74
 06  79.89647622   rs2050623   65301730   75
 06  79.95944832   rs1415534   65373098   76
 06  80.01668913   rs9360039   65474877   77
 06  80.10871953   rs9453089   65614799   78
 06  80.17490656   rs2144715   65717788   79
 06  80.42941082  rs12207169   65832479   80
 06  80.49622454  rs13201014   66052122   81
 06  80.61888708   rs1393685   66120847   82
 06  80.70592749  rs10944808   66233799   83
 06  80.77038930    rs354401   66371601   84
 06  80.82083998  rs13191280   66548446   85
 06  80.87122979   rs4424062   66685113   86
 06  80.92431929   rs6929762   66765998   87
 06  80.97523838   rs6919921   66972978   88
 06  81.23788071   rs1398803   67096461   89
 06  81.29158922   rs1464072   67180476   90
 06  81.38559903   rs6924193   67214227   91
 06  81.43972312   rs1224521   67297018   92
 06  81.49551444   rs9354442   67322974   93
 06  81.61208227    rs183895   67392564   94
 06  81.67022056  rs12201073   67545323   95
 06  81.81221976   rs4544889   67618665   96
 06  81.88481207   rs9354503   67690792   97
 06  81.95791102   rs9445804   67780883   98
 06  82.01542857  rs16899152   67941933   99
 06  82.12401626   rs7766725   67988664  100
 06  82.17474448   rs9454120   68141426  101
 06  82.22801804    rs856817   68333582  102
 06  82.28459778  rs12195466   68551252  103
 06  82.37602135   rs1399224   68606194  104
 06  82.44730707  rs12153928   68784631  105
 06  82.50291854    rs701716   68872204  106
 06  82.56969401    rs701713   68917477  107
 06  82.62340239   rs7454318   68972611  108
 06  82.68058291   rs9454457   69041977  109
 06  82.76583205   rs1907149   69138866  110
 06  82.85034207   rs6922980   69226126  111
 06  82.98935922   rs2802681   69457482  112
 06  83.08980781    rs571299   69597671  113
 06  83.14042972   rs3798992   69755259  114
 06  83.19070027   rs3799039   69883228  115
 06  83.26299709   rs9454742   70169719  116
 06  83.43358291   rs7752231   70421877  117
 06  83.51383675   rs9454900   70587302  118
 06  83.56420157  rs16868360   70681887  119
 06  83.67056043   rs3828767   70799972  120
 06  83.73058675   rs6937838   70810855  121
 06  83.79526571   rs9446206   70904106  122
 06  83.84568127    rs883708   71033259  123
 06  83.89604490   rs1321061   71055284  124
 06  84.01511885    rs498373   71077051  125
 06  84.16561233   rs7772055   71121016  126
 06  84.22838625   rs9446271   71356370  127
 06  84.35296877    rs781994   71414885  128
 06  84.43355178   rs1619936   71655266  129
 06  84.60702341   rs9294882   71706893  130
 06  84.65982495  rs13208627   71809225  131
 06  84.72000078    rs992998   71876722  132
 06  84.77270595   rs9294888   71989993  133
 06  84.83593386   rs7748559   72050422  134
 06  84.89359097   rs2222722   72170433  135
 06  84.94365597  rs12195791   72261853  136
 06  84.99453149   rs9446418   72348255  137
 06  85.19536040   rs1328706   72510007  138
 06  85.25276760   rs1536764   72615541  139
 06  85.30692808   rs2013821   72700144  140
 06  85.36292477    rs535807   72763225  141
 06  85.41761707  rs10455256   73078755  142
 06  85.47771977   rs2781567   73224548  143
 06  85.59259911   rs2781564   73234584  144
 06  85.75642329   rs7772714   73391570  145
 06  85.84257602   rs2840794   73516111  146
 06  85.89340114   rs7775641   73535346  147
 06  85.95070246   rs6927484   73603471  148
 06  86.01151247   rs1317537   73706051  149
 06  86.08998958  rs10943073   73715709  150
 06  86.15133149   rs9351963   73806582  151
 06  86.26678618   rs6933440   73867795  152
 06  86.43843931   rs6453644   73921917  153
 06  86.51224416   rs2603472   74022689  154
 06  86.60579157   rs9360664   74098145  155
 06  86.71628596   rs7761170   74209619  156
 06  86.78203167  rs10498893   74438497  157
 06  86.92442450   rs9293937   74480790  158
 06  86.99138879   rs3005511   74662534  159
 06  87.04303130   rs4708114   74831678  160
 06  87.09642547   rs2635117   75027507  161
 06  87.15298364  rs13193570   75127462  162
 06  87.20329254   rs2992983   75348586  163
 06  87.35152175   rs2883136   75534691  164
 06  87.41334549   rs6453809   75806853  165
 06  87.46999954    rs636885   75886093  166
 06  87.66797419    rs240734   75903756  167
 06  87.76617226    rs240366   75972076  168
 06  87.83357521   rs2951928   76192988  169
 06  87.88664057   rs3798447   76592800  170
 06  87.96950780  rs11754389   76700362  171
 06  88.03958461   rs4708201   76719533  172
 06  88.09896001   rs1933483   76823944  173
 06  88.18017721   rs2451593   77116581  174
 06  88.32563655   rs4235898   77322907  175
 06  88.42785478   rs4441926   77337162  176
 06  88.47798309   rs9361100   77397823  177
 06  88.52851446   rs9343476   77449827  178
 06  88.60736073   rs1016555   77479349  179
 06  88.65997794  rs13216684   77604337  180
 06  88.71122591   rs7767310   77656052  181
 06  88.76749497   rs9447983   77918661  182
 06  88.82606802  rs13210682   78034009  183
 06  88.94905837   rs9361235   78232561  184
 06  89.00069451   rs1304885   78387412  185
 06  89.07740947    rs483602   78449843  186
 06  89.13333502   rs7758172   78781259  187
 06  89.25218034    rs699171   79019038  188
 06  89.33748994    rs600188   79241825  189
 06  89.39652420   rs9443592   79316009  190
 06  89.45629828  rs11756825   79436318  191
 06  89.50827045   rs9361491   79882867  192
 06  89.64366198   rs2874649   79931862  193
 06  89.69509540   rs4706768   80073400  194
 06  89.75009782    rs725750   80139646  195
 06  89.80689916    rs196683   80179680  196
 06  89.90431148  rs11754404   80197858  197
 06  89.96029493   rs6939569   80364640  198
 06  90.01310540   rs2812710   80434561  199
 06  90.06450771   rs9343931   80493016  200
