1003(ped#003;run#01)                                                            
       4 individuals                                                            
 -76.863                                                                        
                     24        0        0  2        1                           
                                                        1   2    0   0    1   1 
                                                        2   2    0   0    1   1 
                                                        2   2    0   0    1   1 
                                                        2   1    0   0    1   1 
                                                        1   2    0   0    1   1 
                                                        1   1    0   0    1   1 
                                                        1   1    0   0    1   1 
                                                        2   2    0   0    1   1 
                                                        2   2    0   0    1   1 
                                                        1   2    0   0    1   1 
                                                        2   2    0   0    1   1 
                                                        2   2    0   0    1   1 
                                                        2   1    0   0    1   1 
                                                        1   1    0   0    1   1 
                                                        2   2    0   0    1   1 
                                                        1   1    0   0    1   1 
                                                        1   1    0   0    1   1 
                                                        2   2    0   0    1   1 
                                                        1   1    0   0    1   1 
                                                        1   1    0   0    1   1 
                                                        1   2    0   0    1   1 
                                                        2   1    0   0    1   1 
                                                        2   1    0   0    1   1 
                                                        2   1    0   0    1   1 
                                                        1   1    0   0    1   1 
                                                        2   2    0   0    1   1 
                                                        2   2    0   0    1   1 
                                                        1   1    0   0    1   1 
                                                        1   1    0   0    1   1 
                                                        2   1    0   0    1   1 
                                                        1   1    0   0    1   1 
                                                        2   2    0   0    1   1 
                                                        1   2    0   0    1   1 
                                                        2   1    0   0    1   1 
                                                        2   2    0   0    1   1 
                                                        1   2    0   0    1   1 
                                                        1   2    0   0    1   1 
                                                        2   1    0   0    1   1 
                                                        1   2    0   0    1   1 
                                                        2   1    0   0    1   1 
                                                        2   2    0   0    1   1 
                                                        1   1    0   0    1   1 
                                                        1   2    0   0    1   1 
                                                        2   2    0   0    1   1 
                                                        2   2    0   0    1   1 
                                                        2   2    0   0    1   1 
                                                        2   1    0   0    1   1 
                                                        2   2    0   0    1   1 
                                                        1   1    0   0    1   1 
                                                        1   2    0   0    1   1 
                   7611        0        0  1        1                           
                                                        1   2    0   0    1   1 
                                                        1   1    0   0    0   0 
                                                        2   2    0   0    0   0 
                                                        2   2    0   0    0   0 
                                                        1   1    0   0    0   0 
                                                        2   1    0   0    1   1 
                                                        1   1    0   0    0   0 
                                                        2   2    0   0    0   0 
                                                        1   2    0   0    1   1 
                                                        1   1    0   0    0   0 
                                                        2   1    0   0    1   1 
                                                        1   2    0   0    1   1 
                                                        2   2    0   0    0   0 
                                                        1   1    0   0    0   0 
                                                        2   1    0   0    1   1 
                                                        2   1    0   0    1   1 
                                                        1   2    0   0    1   1 
                                                        2   1    0   0    1   1 
                                                        2   1    0   0    1   1 
                                                        2   1    0   0    1   1 
                                                        1   2    0   0    1   1 
                                                        2   1    0   0    1   1 
                                                        1   2    0   0    0   0 
                                                        0   2    0   0    0   1 
                                                        0   1    0   0    0   1 
                                                        0   2    0   0    0   1 
                                                        0   2    0   0    0   1 
                                                        0   1    0   0    0   1 
                                                        0   2    0   0    0   1 
                                                        0   1    0   0    0   1 
                                                        0   2    0   0    0   1 
                                                        0   2    0   0    0   1 
                                                        0   2    0   0    0   1 
                                                        0   1    0   0    0   1 
                                                        0   2    0   0    0   1 
                                                        0   1    0   0    0   1 
                                                        0   2    0   0    0   1 
                                                        0   2    0   0    0   1 
                                                        0   1    0   0    0   1 
                                                        0   2    0   0    0   1 
                                                        0   2    0   0    0   1 
                                                        0   1    0   0    0   1 
                                                        0   1    0   0    0   1 
                                                        0   2    0   0    0   1 
                                                        0   2    0   0    0   1 
                                                        0   2    0   0    0   1 
                                                        0   1    0   0    0   1 
                                                        0   2    0   0    0   1 
                                                        0   1    0   0    0   1 
                                                        0   1    0   0    0   1 
                     27     7611       24  1        2*                          
                                                        2   2    2   2    1   1 
                                                        1   2    2   2    1   1 
                                                        2   2    2   2    1   1 
                                                        2   1    2   2    1   1 
                                                        1   2    2   2    1   1 
                                                        1   1    2   2    1   1 
                                                        1   1    2   2    1   1 
                                                        2   2    2   2    1   1 
                                                        2   2    2   2    1   1 
                                                        1   2    2   2    1   1 
                                                        1   2    2   2    1   1 
                                                        2   2    2   2    1   1 
                                                        2   1    2   2    1   1 
                                                        1   1    2   2    1   1 
                                                        1   2    2   2    1   1 
                                                        1   1    2   2    1   1 
                                                        2   1    2   2    1   1 
                                                        1   2    2   2    1   1 
                                                        1   1    2   2    1   1 
                                                        1   1    2   2    1   1 
                                                        2   2    2   2    1   1 
                                                        1   1    2   2    1   1 
                                                        2   1    2   2    1   1 
                                                        2   1    2   2    1   1 
                                                        1   1    2   2    1   1 
                                                        2   2    2   2    1   1 
                                                        2   2    2   2    1   1 
                                                        1   1    2   2    1   1 
                                                        2   1    2   2    1   1 
                                                        1   1    2   2    1   1 
                                                        2   1    2   2    1   1 
                                                        2   2    2   2    1   1 
                                                        2   2    2   2    1   1 
                                                        1   1    2   2    1   1 
                                                        2   2    2   2    1   1 
                                                        1   2    2   2    1   1 
                                                        2   2    2   2    1   1 
                                                        2   1    2   2    1   1 
                                                        1   2    2   2    1   1 
                                                        2   1    2   2    1   1 
                                                        2   2    2   2    1   1 
                                                        1   1    2   2    1   1 
                                                        1   2    2   2    1   1 
                                                        2   2    2   2    1   1 
                                                        2   2    2   2    1   1 
                                                        2   2    2   2    1   1 
                                                        1   1    2   2    1   1 
                                                        2   2    2   2    1   1 
                                                        1   1    2   2    1   1 
                                                        1   2    2   2    1   1 
                     25     7611       24  2        2*                          
                                                        1   1    1   1    1   1 
                                                        1   2    1   1    1   1 
                                                        2   2    1   1    1   1 
                                                        2   2    1   1    1   1 
                                                        1   1    1   1    1   1 
                                                        2   1    1   1    1   1 
                                                        1   1    1   1    1   1 
                                                        2   2    1   1    1   1 
                                                        1   2    1   1    1   1 
                                                        1   1    1   1    1   1 
                                                        2   2    1   1    1   1 
                                                        1   2    1   1    1   1 
                                                        2   2    1   1    1   1 
                                                        1   1    1   1    1   1 
                                                        2   2    1   1    1   1 
                                                        2   1    1   1    1   1 
                                                        1   1    1   1    1   1 
                                                        2   2    1   1    1   1 
                                                        2   1    1   1    1   1 
                                                        2   1    1   1    1   1 
                                                        1   1    1   1    1   1 
                                                        2   2    1   1    1   1 
                                                        1   2    1   1    1   1 
                                                        2   2    2   1    1   1 
                                                        1   1    2   1    1   1 
                                                        2   2    2   1    1   1 
                                                        2   2    2   1    1   1 
                                                        1   1    2   1    1   1 
                                                        2   1    2   1    1   1 
                                                        1   2    2   1    1   1 
                                                        2   1    2   1    1   1 
                                                        2   2    2   1    1   1 
                                                        2   1    2   1    1   1 
                                                        1   2    2   1    1   1 
                                                        2   2    2   1    1   1 
                                                        1   1    2   1    1   1 
                                                        2   1    2   1    1   1 
                                                        2   2    2   1    1   1 
                                                        1   1    2   1    1   1 
                                                        2   2    2   1    1   1 
                                                        2   2    2   1    1   1 
                                                        1   1    2   1    1   1 
                                                        1   1    2   1    1   1 
                                                        2   2    2   1    1   1 
                                                        2   2    2   1    1   1 
                                                        2   2    2   1    1   1 
                                                        1   2    2   1    1   1 
                                                        2   2    2   1    1   1 
                                                        1   1    2   1    1   1 
                                                        1   1    2   1    1   1 
________________________________________________________________________________
