#Chr     Genpos       Marker     Physpos    Nr
 06    0.00382472   rs7774353     100815     1
 06    0.17445602   rs9501714     135248     2
 06    0.24699968   rs6920539     151528     3
 06    0.32834839    rs727056     170044     4
 06    0.37957253   rs9328070     179871     5
 06    0.46515165   rs1150764     229613     6
 06    0.79842512   rs2797307     339293     7
 06    0.85224030   rs9378808     366317     8
 06    0.94796450   rs4275100     412414     9
 06    1.03674330   rs6597037     418248    10
 06    1.20348846   rs9504180     463059    11
 06    1.26449678   rs2073009     517480    12
 06    1.31709189   rs4960096     551568    13
 06    1.37671000   rs7454457     613627    14
 06    1.43685396   rs2788222     660282    15
 06    1.51365469   rs1933652     686043    16
 06    1.58346903   rs9392857     709818    17
 06    1.64660239   rs7761470     756952    18
 06    1.73224451   rs4959455     772388    19
 06    1.83359812   rs7770224     785475    20
 06    1.91605001   rs9378518     806084    21
 06    2.06020929   rs2784968     848764    22
 06    2.14933125  rs11755910     917155    23
 06    2.20046342    rs845896     953959    24
 06    2.25205793    rs707777     968154    25
 06    2.34875958  rs11966212    1001155    26
 06    2.45620128   rs2143396    1008883    27
 06    2.51009981   rs9391899    1032864    28
 06    2.68257358   rs6915235    1080502    29
 06    2.73737086   rs7454978    1094700    30
 06    2.83663270   rs1161761    1112422    31
 06    2.88769867    rs238051    1177766    32
 06    3.00793790    rs238074    1193169    33
 06    3.09133379   rs2496281    1215046    34
 06    3.41928465  rs10793833    1235388    35
 06    3.52493544    rs893235    1254918    36
 06    3.57700055   rs1737766    1306843    37
 06    3.63159076  rs10498654    1319276    38
 06    3.75459954   rs9405137    1330258    39
 06    3.87383005   rs2293783    1340042    40
 06    3.95557430   rs9378623    1357673    41
 06    4.02525213  rs11242687    1384975    42
 06    4.18567022   rs2816272    1409678    43
 06    4.34565377   rs9378296    1427076    44
 06    4.40591268   rs7763653    1451179    45
 06    4.45615176   rs2569865    1474786    46
 06    4.53762165   rs6916316    1527558    47
 06    4.69445154    rs742554    1534001    48
 06    4.87581965   rs2745593    1548401    49
 06    5.04932069   rs9405142    1577298    50
 06    5.17528499   rs9503013    1652398    51
 06    5.23206145   rs3800032    1682096    52
 06    5.32470363   rs2318089    1720435    53
 06    5.46128830   rs3823269    1726166    54
 06    5.52858889   rs6919059    1729095    55
 06    5.60711921   rs3778530    1768731    56
 06    5.75821202   rs3800091    1782827    57
 06    5.80884056  rs11242725    1871649    58
 06    5.89992056   rs9503076    1984026    59
 06    5.97101267   rs6908269    2150805    60
 06    6.02140092  rs12193414    2238019    61
 06    6.07846150  rs11242772    2389221    62
 06    6.27874464   rs7772576    2409384    63
 06    6.43485027   rs1772987    2457074    64
 06    6.48560695   rs2449447    2500245    65
 06    6.69660995   rs6918808    2553994    66
 06    6.75222655   rs9328113    2616993    67
 06    6.81644699   rs9503260    2650015    68
 06    6.98342399   rs2296355    2694660    69
 06    7.03503387    rs160690    2744059    70
 06    7.23780176    rs316339    2783045    71
 06    7.31739748  rs12530071    2831066    72
 06    7.47653687    rs318491    2843595    73
 06    7.53963471   rs7751676    2876878    74
 06    7.59016567   rs2756071    2897288    75
 06    7.65357871   rs4149360    2951806    76
 06    7.71311186   rs7761969    2994981    77
 06    7.96545846   rs7739011    3057529    78
 06    8.01800021   rs9501935    3119946    79
 06    8.12433167  rs11242827    3150433    80
 06    8.42840456   rs4959232    3247216    81
 06    8.53244467  rs10498660    3288543    82
 06    8.84844215   rs6923735    3362642    83
 06    8.90721705   rs7775474    3413223    84
 06    8.99073145  rs10900943    3426312    85
 06    9.09837556   rs4959848    3466102    86
 06    9.15867697   rs6905808    3512554    87
 06    9.32532980   rs9638039    3519453    88
 06    9.39751990   rs9392512    3581410    89
 06    9.45056849    rs226924    3646643    90
 06    9.55884741   rs9392005    3657110    91
 06    9.63395899   rs9503728    3707271    92
 06    9.68667942   rs9502072    3734180    93
 06    9.74936465   rs2326364    3775848    94
 06    9.87549659   rs2252854    3804095    95
 06   10.11996431   rs4959883    3840913    96
 06   10.17666489   rs4074617    3858629    97
 06   10.23181801   rs4959264    3895673    98
 06   10.32202375   rs4959265    3902628    99
 06   10.53661509   rs9405214    3908840   100
 06   10.60311584   rs6938648    3954503   101
 06   10.65563066    rs626080    4046566   102
 06   10.71579686  rs13206717    4099017   103
 06   10.76924898  rs13197025    4116417   104
 06   10.83414274   rs1999022    4242285   105
 06   11.03664146   rs9392582    4283840   106
 06   11.12315827    rs339294    4340503   107
 06   11.17495921   rs7762514    4407170   108
 06   11.22722518   rs1265242    4440015   109
 06   11.31843518   rs6926616    4459474   110
 06   11.37483958   rs4960005    4535546   111
 06   11.60714617    rs234427    4574653   112
 06   11.75899221   rs9378408    4606843   113
 06   11.83309450   rs4959312    4646143   114
 06   11.99076197   rs1849564    4656061   115
 06   12.13673359   rs3812183    4660881   116
 06   12.49581098   rs4502986    4707143   117
 06   12.55516088   rs6918380    4732499   118
 06   12.62772407   rs1417657    4849379   119
 06   12.70349643   rs3804547    4881862   120
 06   12.76924517   rs2793208    4912377   121
 06   12.82242483  rs11964945    4996555   122
 06   12.99723920   rs1246996    5004244   123
 06   13.07258308    rs421473    5046519   124
 06   13.15281044  rs11242995    5107329   125
 06   13.22374580   rs9392671    5252431   126
 06   13.31577551   rs6932040    5324524   127
 06   13.37597430    rs414830    5397657   128
 06   13.50912416    rs191833    5427596   129
 06   13.55956067   rs7774359    5431253   130
 06   13.72178404   rs9405272    5446388   131
 06   13.85604328   rs6937827    5496231   132
 06   13.91781842   rs9504439    5539198   133
 06   13.97316479  rs11962015    5563986   134
 06   14.03964375   rs4959341    5567231   135
 06   14.20258607  rs10484314    5593086   136
 06   14.28373256  rs12190311    5610386   137
 06   14.36604832  rs13210778    5655227   138
 06   14.42492710   rs6926774    5677819   139
 06   14.51554325   rs6911736    5696268   140
 06   14.70248139   rs9502339    5739947   141
 06   14.76694982   rs7758823    5753445   142
 06   14.85696505   rs9504549    5787923   143
 06   14.91299288   rs6914546    5814551   144
 06   15.20354379   rs9504579    5851899   145
 06   15.26246833   rs9405884    5892882   146
 06   15.33650061   rs7745233    5921787   147
 06   15.39171455    rs582186    5946380   148
 06   15.44287868    rs667875    5964941   149
 06   15.51048228   rs2170618    6082107   150
 06   15.57249089    rs900401    6113193   151
 06   15.67788657   rs7774391    6121624   152
 06   15.76748538   rs3799558    6129818   153
 06   15.82948543   rs1742929    6173024   154
 06   15.99536377   rs6597197    6198016   155
 06   16.11399033   rs1267914    6234856   156
 06   16.18688679   rs2755416    6256700   157
 06   16.28006785   rs1267858    6267977   158
 06   16.33319567   rs6597199    6288176   159
 06   16.41352550   rs4960192    6300432   160
 06   16.46392795   rs4543420    6329147   161
 06   16.55072666   rs9379036    6400152   162
 06   16.61553569  rs11965794    6440030   163
 06   16.68555458    rs849057    6450405   164
 06   16.74762742    rs637096    6500789   165
 06   16.80869620   rs9328377    6539320   166
 06   16.88695234   rs2294460    6559432   167
 06   16.95977101   rs9504873    6568676   168
 06   17.03010226   rs3804490    6598138   169
 06   17.15501785   rs6924103    6624165   170
 06   17.21433218    rs201051    6666712   171
 06   17.35886211   rs2876028    6706641   172
 06   17.47614088   rs9502503    6731252   173
 06   17.56586249   rs1317392    6749899   174
 06   17.62308388   rs9502508    6752372   175
 06   17.82684881   rs4530912    6762790   176
 06   17.88141268  rs12660428    6798440   177
 06   17.93393956   rs6910011    6822410   178
 06   17.98432771   rs4960263    6829732   179
 06   18.17912818  rs10214475    6848147   180
 06   18.23067459   rs9392132    6860978   181
 06   18.34395278   rs2768990    6881570   182
 06   18.42937548   rs4960274    6904259   183
 06   18.48065751   rs7761644    6933004   184
 06   18.56506116   rs4960285    6939387   185
 06   18.61521911  rs13207230    6986699   186
 06   18.68425482    rs665723    7084063   187
 06   18.74294357   rs2256596    7192247   188
 06   18.79730739   rs1050226    7226653   189
 06   18.98363302   rs2876098    7319206   190
 06   19.03710455   rs6939137    7445569   191
 06   19.12611631   rs9406032    7446675   192
 06   19.17829464   rs2806167    7488782   193
 06   19.23144922   rs2076302    7515962   194
 06   19.32813706  rs12527897    7577242   195
 06   19.40187809   rs9328434    7614952   196
 06   19.50816917   rs4959451    7630325   197
 06   19.58363146     rs98899    7684174   198
 06   19.67672063   rs2326994    7755020   199
 06   19.73359155   rs1743635    7857389   200
 06   19.87085452    rs155487    7883772   201
 06   19.96640809    rs197123    7926670   202
 06   20.04373420   rs9379163    8029876   203
 06   20.09394367  rs11243239    8122932   204
 06   20.16660099    rs491511    8138127   205
 06   20.25728673   rs9505400    8190114   206
 06   20.46434845   rs9392985    8211825   207
 06   20.56000049   rs1591996    8291461   208
 06   20.66164222  rs10484750    8323608   209
 06   20.71310251   rs1737567    8516294   210
 06   20.88013967   rs7765012    8748041   211
 06   20.99861921   rs9393069    8800947   212
 06   21.14965884   rs4475363    8850428   213
 06   21.21182929   rs4246086    8853959   214
 06   21.26301660   rs9379274    8935206   215
 06   21.44312899  rs11243295    8971670   216
 06   21.52702367  rs12205137    9087016   217
 06   21.87075927   rs1324546    9289558   218
 06   22.20264369   rs1830947    9363486   219
 06   22.25330870   rs7748490    9407043   220
 06   22.31093745   rs2209543    9492979   221
 06   22.36837267   rs2017505    9521187   222
 06   22.55263270   rs7757300    9652130   223
 06   22.65927591   rs1328134    9817926   224
 06   22.71345845   rs1206919    9883326   225
 06   22.82131480   rs6459434    9931770   226
 06   22.87687462   rs9396752   10049209   227
 06   22.93166892    rs201267   10082859   228
 06   22.98788627    rs855397   10156408   229
 06   23.05493206    rs855394   10157703   230
 06   23.13304829   rs4716306   10214453   231
 06   23.45685652   rs6899499   10245086   232
 06   23.52274492   rs1029124   10287352   233
 06   23.58082126   rs6900553   10339911   234
 06   23.76890290   rs1023276   10353746   235
 06   23.84362674  rs12209059   10421650   236
 06   23.89500606   rs9465973   10450154   237
 06   23.99669470   rs3818408   10496639   238
 06   24.09914314   rs1621700   10528084   239
 06   24.17869863   rs9348513   10568359   240
 06   24.25216068   rs3889361   10574024   241
 06   24.31397111    rs502431   10589376   242
 06   24.38254961   rs1226013   10647275   243
 06   24.44572496    rs504083   10649199   244
 06   24.52836876   rs9466910   10707265   245
 06   24.61124165   rs4712802   10750245   246
 06   24.72330042    rs529124   10846799   247
 06   24.77595637    rs478791   10883432   248
 06   24.86291903   rs6456719   10971311   249
 06   24.94707087   rs4711127   11017675   250
 06   25.12000991  rs13214666   11211523   251
 06   25.18705677   rs3798727   11302497   252
 06   25.24004630   rs2182336   11335371   253
 06   25.41723894   rs9393992   11347929   254
 06   25.64998509  rs11964334   11376174   255
 06   25.70414031   rs9791189   11431851   256
 06   25.87424242   rs4713432   11441670   257
 06   25.96204819   rs3798752   11468149   258
 06   26.02363518   rs9461735   11553840   259
 06   26.07957365   rs9469223   11596912   260
 06   26.17299376    rs471693   11728832   261
 06   26.23466434    rs549655   11747990   262
 06   26.34990716   rs3734273   11822792   263
 06   26.46314095   rs6903956   11882569   264
 06   26.52353362   rs2235384   11884617   265
 06   26.63267574   rs4713922   11901183   266
 06   26.73351832  rs10947590   11943862   267
 06   26.93679546   rs9357221   11992976   268
 06   27.11422424    rs169713   12028503   269
 06   27.17812842   rs1570989   12156813   270
 06   27.23509486  rs10947819   12281743   271
 06   27.35563511   rs4714268   12296663   272
 06   27.49420506    rs219988   12317678   273
 06   27.55587351   rs7749495   12348791   274
 06   27.67004416   rs9394696   12370500   275
 06   27.74536824   rs9380978   12394824   276
 06   27.81733481   rs9381015   12423896   277
 06   27.87014121   rs1931550   12470205   278
 06   28.07855668   rs6458229   12484245   279
 06   28.12865951   rs7740766   12531011   280
 06   28.19633492   rs4714604   12566228   281
 06   28.24933337  rs12199205   12619016   282
 06   28.36963265   rs6920298   12629025   283
 06   28.44700622   rs6927364   12703261   284
 06   28.54079115    rs519167   12721217   285
 06   28.61501059    rs475543   12826142   286
 06   28.72004948   rs6458461   12897177   287
 06   28.77751356  rs12528956   12941063   288
 06   28.89625328   rs7454157   13017860   289
 06   28.94869372   rs6922782   13056374   290
 06   29.00491896   rs9463377   13141562   291
 06   29.07269414   rs1223521   13245845   292
 06   29.25000949   rs6458720   13333056   293
 06   29.30133902   rs1512414   13384394   294
 06   29.37746679   rs2496132   13429076   295
 06   29.47356946    rs497505   13463464   296
 06   29.64497248    rs536916   13503537   297
 06   29.72527378    rs551499   13559205   298
 06   29.92137666   rs4712032   13662022   299
 06   29.98078268   rs4715451   13746963   300
 06   30.08080569   rs4715562   13885188   301
 06   30.21515421   rs6899735   13955666   302
 06   30.28710462   rs2274088   14005965   303
 06   30.38255615   rs9382889   14122772   304
 06   30.44558231   rs9476476   14172252   305
 06   30.49783062   rs2092204   14201535   306
 06   30.61728154    rs853372   14251940   307
 06   30.67574089    rs853346   14275177   308
 06   30.79359566   rs2094923   14397061   309
 06   30.90116595   rs7752155   14437626   310
 06   30.95410973    rs737548   14453003   311
 06   31.00831255   rs9476543   14475546   312
 06   31.08025696   rs9367837   14565896   313
 06   31.14291183   rs9396503   14644068   314
 06   31.27717414   rs9370770   14732194   315
 06   31.33326705   rs7747013   14755743   316
 06   31.73171365    rs764650   14820472   317
 06   31.91659239   rs9476648   14851762   318
 06   31.99892092   rs2500081   14880876   319
 06   32.12755099    rs233494   14913493   320
 06   32.20501481   rs6908102   15034299   321
 06   32.25979299   rs2327868   15074274   322
 06   32.46942062   rs2179990   15142268   323
 06   32.72581579   rs7751222   15180620   324
 06   32.77890064   rs6915344   15348423   325
 06   32.84964325  rs13195345   15472409   326
 06   32.90240812   rs2235258   15621461   327
 06   32.96155629    rs977746   15785322   328
 06   33.02345719    rs990062   15854758   329
 06   33.16173232    rs522264   15928404   330
 06   33.21182331   rs9296994   16039517   331
 06   33.28157602   rs1891518   16078784   332
 06   33.33587266  rs10498686   16115914   333
 06   33.39152967   rs7767544   16183915   334
 06   33.45878346   rs6459448   16206269   335
 06   33.51507970   rs3757354   16235386   336
 06   33.56569549   rs7742617   16264783   337
 06   33.65194475   rs7748814   16311303   338
 06   33.71494910     rs16885   16414730   339
 06   33.78196425    rs179974   16470225   340
 06   33.87675158   rs2237217   16484603   341
 06   33.98440492    rs404143   16518165   342
 06   34.06329152  rs10484363   16557283   343
 06   34.22636635  rs16878314   16622387   344
 06   34.29503093   rs9396682   16660781   345
 06   34.35045225   rs9477166   16673171   346
 06   34.40453090    rs236981   16699739   347
 06   34.52119666   rs2299070   16735234   348
 06   34.58211314   rs1359067   16804703   349
 06   34.67300673    rs666215   16813630   350
 06   34.75341421    rs707848   16820637   351
 06   34.83165018    rs623897   16877777   352
 06   34.89208909    rs602206   16881361   353
 06   35.11838440   rs1150644   16922283   354
 06   35.32562069    rs927366   17035508   355
 06   35.41248613   rs7755677   17120649   356
 06   35.46380610   rs4360123   17174332   357
 06   35.51723776   rs6914177   17223627   358
 06   35.57823483  rs13217920   17360321   359
 06   35.65977206  rs12216482   17433584   360
 06   35.73870350   rs7773313   17494874   361
 06   35.85397581   rs1555111   17503791   362
 06   35.95289932  rs10807611   17602327   363
 06   36.00990973   rs6925145   17658137   364
 06   36.07992648   rs7743695   17833162   365
 06   36.35638962   rs4712311   17886695   366
 06   36.41616860   rs7766167   18129054   367
 06   36.54024513   rs4294009   18214055   368
 06   36.59072594    rs214596   18316298   369
 06   36.70959112    rs214506   18329450   370
 06   36.80009906   rs1408263   18515722   371
 06   36.90246268   rs4716273   18605757   372
 06   36.95511703   rs1474618   18763549   373
 06   37.00552453   rs9477837   18824800   374
 06   37.07595388   rs6911193   18970761   375
 06   37.13464553   rs9368028   19146111   376
 06   37.18657455   rs9366275   19304470   377
 06   37.24725132   rs9465274   19318396   378
 06   37.30309324   rs6911832   19467133   379
 06   37.35315403   rs6905315   19526102   380
 06   37.53179043   rs4235993   19563856   381
 06   37.76523567    rs760669   19669966   382
 06   37.89353413   rs2328483   19736319   383
 06   38.10847218  rs17547028   19785891   384
 06   38.15856048   rs9465498   19814532   385
 06   38.37475533   rs1047033   19948471   386
 06   38.49557316  rs11754400   19956524   387
 06   38.56182470   rs2328421   20006749   388
 06   38.71745353    rs499899   20109726   389
 06   38.77572684    rs562646   20121370   390
 06   38.82613273    rs602640   20165309   391
 06   38.87710314   rs9348410   20205942   392
 06   39.00923802  rs16883364   20227014   393
 06   39.06503829   rs1202196   20252769   394
 06   39.24494843    rs586124   20279905   395
 06   39.30288551   rs9465656   20308643   396
 06   39.59497894   rs7746765   20353997   397
 06   39.67175808   rs1887476   20373944   398
 06   39.72209513   rs2208438   20454174   399
 06   39.79283215   rs1570155   20490579   400
 06   39.90341546    rs746720   20525955   401
 06   39.98931773  rs11964747   20593877   402
 06   40.05333640   rs6904566   20643949   403
 06   40.10853087   rs7756992   20787688   404
 06   40.17037381   rs9465874   20845333   405
 06   40.24278452   rs9465941   21051211   406
 06   40.29441910    rs201301   21138132   407
 06   40.36752450   rs9358391   21215088   408
 06   40.47901475   rs9465991   21299907   409
 06   40.53154807   rs4710966   21336867   410
 06   40.61887304  rs12202180   21345585   411
 06   40.82846281    rs807846   21406055   412
 06   40.88867920  rs12192730   21435600   413
 06   40.95076952   rs6920208   21494858   414
 06   41.00523728   rs6904446   21547322   415
 06   41.25342381   rs4236005   21597726   416
 06   41.30654142   rs1744867   21742150   417
 06   41.48580664   rs1555529   21799683   418
 06   41.53597389   rs9358448   21839715   419
 06   41.68597742  rs17198823   21922476   420
 06   41.74236681   rs4712642   21991656   421
 06   41.79454380  rs12524124   22051921   422
 06   41.84992477  rs13212670   22077474   423
 06   41.91410775  rs11755535   22080779   424
 06   41.96702084    rs867863   22142419   425
 06   42.17627790    rs610499   22154509   426
 06   42.34872023    rs196038   22177949   427
 06   42.41848435   rs9466269   22244388   428
 06   42.62961853   rs4712661   22298317   429
 06   42.78534810   rs7749084   22310658   430
 06   42.85669348   rs9368429   22340904   431
 06   42.92670152  rs16885931   22374148   432
 06   43.00300568   rs2066266   22378099   433
 06   43.09858599   rs1205960   22396139   434
 06   43.14931480   rs2744143   22470924   435
 06   43.20150354  rs10456256   22554264   436
 06   43.27006338   rs9460748   22603159   437
 06   43.32646702   rs6934462   22689017   438
 06   43.37992325  rs11752967   22795477   439
 06   43.43173299  rs17206256   22842887   440
 06   43.52088895   rs4510658   22863298   441
 06   43.57825827   rs1018401   22954031   442
 06   43.62885412   rs2254032   22993654   443
 06   43.69292720   rs4712728   23050192   444
 06   43.75206605   rs2498258   23142440   445
 06   43.81912260  rs13200541   23262881   446
 06   43.89184313   rs9393377   23306083   447
 06   43.95965408   rs7763770   23313308   448
 06   44.01175012   rs9379482   23316883   449
 06   44.11422884   rs7774358   23372817   450
 06   44.17853641   rs9348557   23386072   451
 06   44.23565549   rs9460868   23443450   452
 06   44.45618920   rs6932335   23509261   453
 06   44.66211611    rs943068   23527622   454
 06   44.72815079    rs926453   23550208   455
 06   44.78035580    rs199055   23598096   456
 06   44.91192282    rs199107   23614667   457
 06   44.96615192    rs197951   23677894   458
 06   45.01940474    rs197979   23700327   459
 06   45.17904364    rs197999   23708213   460
 06   45.25919606   rs7742637   23763208   461
 06   45.72579995    rs766978   23788094   462
 06   45.77895836   rs9348611   23921114   463
 06   45.94415809    rs474833   24023849   464
 06   46.04470198    rs528715   24052108   465
 06   46.14299758    rs573863   24080365   466
 06   46.27892846  rs17529740   24125887   467
 06   46.40299584   rs6933683   24213294   468
 06   46.47838049   rs6924184   24259374   469
 06   46.53656018    rs793839   24336664   470
 06   46.60620769  rs12192603   24450350   471
 06   46.67686673   rs1772253   24528213   472
 06   46.72990140   rs2328824   24615740   473
 06   46.78123727  rs12193738   24676372   474
 06   46.92663907   rs4576240   24704457   475
 06   46.98665473   rs1061925   24773986   476
 06   47.04862538   rs9358796   24866803   477
 06   47.10796769   rs9379692   24917750   478
 06   47.20268582   rs4437459   24964302   479
 06   47.25672415    rs606162   25034709   480
 06   47.41883211    rs396599   25067823   481
 06   47.58445167    rs303898   25147581   482
 06   47.65205390   rs6941417   25260653   483
 06   47.72470423  rs13198274   25286969   484
 06   47.78155992    rs769108   25353659   485
 06   47.83613250  rs16890377   25433387   486
 06   47.91563009   rs2206194   25448461   487
 06   47.97722326   rs6912426   25517764   488
 06   48.12054847   rs9461167   25526550   489
 06   48.20818774    rs301395   25594605   490
 06   48.25924571   rs7765813   25732374   491
 06   48.35511603   rs4409177   25802470   492
 06   48.40539350   rs9393672   25950584   493
 06   48.45684595   rs2237231   26125150   494
 06   48.51943098   rs9379827   26261314   495
 06   48.58264371   rs7773004   26375734   496
 06   48.69686330  rs10946813   26453120   497
 06   48.74808762   rs6926629   26607882   498
 06   48.80014009   rs6456767   27178522   499
 06   48.85120089   rs1156457   27408559   500
 06   48.90361983  rs10484400   27778896   501
 06   48.95547356   rs6929559   28242085   502
 06   49.00940910   rs2232422   28474241   503
 06   49.06767911   rs1107160   28779401   504
 06   49.12250321   rs3117330   29333774   505
 06   49.18199648   rs1419635   29463897   506
 06   49.24982281    rs388234   29641274   507
 06   49.30478732   rs3131854   29719864   508
 06   49.36345433   rs2735048   29841680   509
 06   49.42082656   rs9258631   29929272   510
 06   49.50724598   rs7745413   30023448   511
 06   49.56120603   rs2523946   30049922   512
 06   49.61949481   rs7765810   30171475   513
 06   49.67468712   rs9261519   30225080   514
 06   49.73109386   rs3094622   30435931   515
 06   49.80372551   rs2508024   30573491   516
 06   49.87093305   rs2394401   30832409   517
 06   49.99395428   rs2517580   30918035   518
 06   50.05445582   rs9368649   31046862   519
 06   50.10449862   rs6457300   31106721   520
 06   50.15572705   rs6917517   31190340   521
 06   50.21339881   rs3094663   31215066   522
 06   50.26405499   rs6928399   31303197   523
 06   50.31584394   rs9394047   31344229   524
 06   50.37889240   rs6930143   31378354   525
 06   50.43157045   rs2923006   31425078   526
 06   50.48223178   rs9266409   31444547   527
 06   50.53800232   rs1051794   31487088   528
 06   50.61797242   rs2596449   31546369   529
 06   50.66803653   rs2239709   31615426   530
 06   50.77777780   rs2857697   31693198   531
 06   50.83519700   rs9267677   32000620   532
 06   50.89063722   rs3134608   32225949   533
 06   50.97535151   rs9378123   32304842   534
 06   51.02735210   rs2894239   32323774   535
 06   51.08008944   rs9268403   32449451   536
 06   51.13116356   rs3129868   32512355   537
 06   51.18223998   rs9270986   32682038   538
 06   51.25842078   rs6457617   32771829   539
 06   51.33596327   rs6935940   32791669   540
 06   51.40728678   rs9276644   32853021   541
 06   51.46221260   rs3819715   32912197   542
 06   51.52170561   rs6457688   32963602   543
 06   51.62845676    rs154972   33008629   544
 06   51.68307203     rs23544   33011615   545
 06   51.85538513   rs2395300   33076254   546
 06   51.93781496   rs9277027   33106216   547
 06   52.04506657    rs422544   33134088   548
 06   52.10458344   rs2395349   33191112   549
 06   52.15720010   rs1003979   33222149   550
 06   52.22331789    rs457565   33323882   551
 06   52.27649301   rs7748370   33572039   552
 06   52.33713272    rs420361   33663882   553
 06   52.38943258   rs6935686   33722105   554
 06   52.44469680  rs11759011   33758790   555
 06   52.51893415   rs1535948   33891861   556
 06   52.63801808   rs9296100   33930843   557
 06   52.71277499   rs6926872   33951737   558
 06   52.85621627   rs9394178   33975439   559
 06   53.05229673   rs9394180   34016116   560
 06   53.10561252   rs4713731   34053899   561
 06   53.41178691   rs9469670   34083788   562
 06   53.46974143   rs2499689   34149284   563
 06   53.52105201   rs1109654   34182441   564
 06   53.68799814   rs7742369   34273699   565
 06   53.75011078  rs10947494   34371721   566
 06   53.80198133   rs9394222   34530332   567
 06   53.85469378   rs3800471   34589118   568
 06   53.91558080   rs4713813   34638143   569
 06   53.99078920   rs2744963   34700709   570
 06   54.05647716   rs2820229   35184054   571
 06   54.11156488   rs1040436   35475887   572
 06   54.23129005   rs7744287   35571180   573
 06   54.34220249   rs1075092   35821404   574
 06   54.40231481   rs7753322   35856064   575
 06   54.48293324   rs9296168   35944683   576
 06   54.53407267  rs11965835   36066849   577
 06   54.60787050   rs1059227   36206388   578
 06   54.73973413   rs9368920   36350295   579
 06   54.78981421   rs9470247   36370461   580
 06   54.85137174   rs4713956   36383436   581
 06   54.99236527   rs1555429   36415148   582
 06   55.19624792   rs2234071   36463350   583
 06   55.32680379   rs1321313   36726799   584
 06   55.37778739   rs6457940   36771335   585
 06   55.42983717   rs9470387   36821836   586
 06   55.72662804   rs9296197   36880521   587
 06   55.77962716   rs1632649   37002655   588
 06   55.90839196    rs707542   37032080   589
 06   55.98090266  rs16868759   37063502   590
 06   56.07621800   rs4714032   37084924   591
 06   56.13184696    rs831486   37109245   592
 06   56.18643639   rs9296211   37171315   593
 06   56.28128755   rs9380645   37210800   594
 06   56.35184702    rs262908   37238260   595
 06   56.41158883  rs16889502   37268027   596
 06   56.46373648   rs9470540   37285761   597
 06   56.61928460   rs2269058   37432835   598
 06   56.69433625   rs2173314   37502851   599
 06   56.74889521  rs17636328   37598509   600
 06   56.80181429  rs11755405   37622081   601
 06   56.85764046   rs9394437   37637812   602
 06   56.90978431   rs2894413   37671057   603
 06   57.06585704   rs9380691   37682830   604
 06   57.19824901   rs6926735   37707940   605
 06   57.25767220   rs6925749   37741002   606
 06   57.33545506    rs876796   37755622   607
 06   57.40691592    rs742787   37799604   608
 06   57.56156686  rs10456457   37834055   609
 06   57.62255182   rs7776025   38032706   610
 06   57.70208241  rs12215707   38283901   611
 06   57.76311276   rs9394492   38440588   612
 06   57.84788813  rs12525647   38595004   613
 06   58.13955482   rs1623375   38806091   614
 06   58.23976121   rs1678677   38836120   615
 06   58.31175829   rs9349103   38976678   616
 06   58.36293017  rs10947767   39029218   617
 06   58.48755343   rs7341356   39144323   618
 06   58.54459149   rs4254984   39167657   619
 06   58.60821698   rs7773754   39227815   620
 06   58.67793599    rs751933   39272099   621
 06   58.86172315   rs6458102   39303907   622
 06   58.91365612   rs1651106   39327278   623
 06   59.00721154   rs2395718   39350870   624
 06   59.06616681  rs11756091   39390784   625
 06   59.11891007   rs6458110   39401876   626
 06   59.17078496   rs9471076   39416517   627
 06   59.23060952   rs6899860   39456669   628
 06   59.28304978   rs9394591   39497970   629
 06   59.34352411   rs9471112   39538851   630
 06   59.39703954    rs303678   39751585   631
 06   59.49685370    rs417096   39835811   632
 06   59.61787254   rs6937133   39907992   633
 06   59.75565484   rs9462580   39923573   634
 06   59.87335560   rs2475506   40019219   635
 06   59.92673392   rs3008833   40094281   636
 06   59.99019572   rs7746227   40292606   637
 06   60.08695104   rs9471290   40368493   638
 06   60.14615709  rs10498748   40406275   639
 06   60.27825046  rs12664614   40453676   640
 06   60.49826490   rs1433734   40524778   641
 06   60.62975679   rs9394699   40557268   642
 06   60.68346691   rs1433742   40611774   643
 06   60.74774469   rs9369215   40713146   644
 06   60.95911593   rs7765378   40725290   645
 06   61.01042497   rs7752740   40765570   646
 06   61.06134851   rs9369228   40806343   647
 06   61.12417777   rs9367079   40884571   648
 06   61.26016760    rs962390   40889398   649
 06   61.35589536   rs9394740   40932394   650
 06   61.45379116   rs7746902   41034936   651
 06   61.51256425    rs714051   41071091   652
 06   61.56325948   rs6915083   41271983   653
 06   61.63724069   rs3807040   41278873   654
 06   61.71432554   rs2234246   41351718   655
 06   61.84688798   rs9367104   41408875   656
 06   61.90147319   rs6922617   41444079   657
 06   61.95198938   rs9357360   41490550   658
 06   62.07557236    rs596917   41496322   659
 06   62.13321975    rs766389   41514764   660
 06   62.28434471  rs12527287   41548289   661
 06   62.35845696   rs2496639   41554993   662
 06   62.44633749   rs7742368   41566264   663
 06   62.66502238   rs2495239   41598466   664
 06   62.77901627   rs2395779   41619928   665
 06   62.83563642   rs1028818   41694558   666
 06   62.99176374   rs3789208   41722893   667
 06   63.17721095   rs1474762   41735030   668
 06   63.23196561   rs1011100   41751223   669
 06   63.30845015   rs7756525   41783718   670
 06   63.41784176   rs6912200   41825886   671
 06   63.47915461   rs9394831   41861062   672
 06   63.54045683   rs6921368   42088644   673
 06   63.63020956   rs4554318   42120137   674
 06   63.76259794   rs2492927   42147644   675
 06   63.94375746   rs7749023   42169711   676
 06   64.01189570   rs9471779   42206165   677
 06   64.06259375  rs17702178   42212909   678
 06   64.12643697   rs2492942   42215793   679
 06   64.22239920   rs6899392   42225472   680
 06   64.40934140   rs9349222   42239853   681
 06   64.48494613   rs9471815   42311726   682
 06   64.54047555   rs3800289   42339397   683
 06   64.74691379   rs9471831   42360363   684
 06   64.83305281   rs4711717   42393474   685
 06   64.97080765   rs6920284   42403386   686
 06   65.09995035   rs1038890   42477286   687
 06   65.16978004   rs7768349   42521278   688
 06   65.44459958   rs6906363   42566354   689
 06   65.52735151  rs12210447   42824412   690
 06   65.59852391   rs2894478   42861382   691
 06   65.65558923   rs7764865   42943465   692
 06   65.71189313   rs4714652   43078728   693
 06   65.76418061  rs16896326   43261387   694
 06   65.81733951   rs2651187   43346587   695
 06   65.87294286   rs2254303   43384368   696
 06   66.04037952   rs9472064   43554773   697
 06   66.09463583  rs16869037   43767478   698
 06   66.27019085   rs9472114   43803653   699
 06   66.41075192    rs699946   43840647   700
 06   66.57999300   rs6900017   43866463   701
 06   66.64737692   rs4507587   43883816   702
 06   66.72362568   rs6458350   43897594   703
 06   66.79132759    rs881858   43914587   704
 06   66.84297287   rs2148251   43936112   705
 06   66.91753325   rs9369430   43942229   706
 06   67.06840402   rs1003167   43963001   707
 06   67.18752052   rs1776721   43998961   708
 06   67.27165946    rs865585   44019529   709
 06   67.35352068   rs9472158   44026875   710
 06   67.41275235   rs9472173   44041234   711
 06   67.55618671   rs4714724   44049623   712
 06   67.60945688   rs1631662   44061336   713
 06   67.74215060   rs3734693   44073143   714
 06   67.81612680   rs4711760   44103646   715
 06   67.86897965   rs9472201   44128388   716
 06   68.00715171    rs833810   44142669   717
 06   68.05783118   rs6458368   44159199   718
 06   68.20989092   rs3757272   44239758   719
 06   68.26214047   rs6925778   44252776   720
 06   68.32694382   rs1041524   44264448   721
 06   68.40073191   rs2396243   44286449   722
 06   68.45079940   rs9367190   44325632   723
 06   68.55434719    rs513688   44343668   724
 06   68.63626968   rs9369472   44398809   725
 06   68.69093483  rs13214191   44448915   726
 06   68.74372807    rs543844   44532778   727
 06   68.81476605   rs4714790   44549156   728
 06   68.87226822   rs7755190   44559792   729
 06   69.05638307   rs6458390   44577007   730
 06   69.12614855  rs11758473   44601326   731
 06   69.21150248    rs911982   44631621   732
 06   69.26260619   rs2146349   44633967   733
 06   69.33155954    rs476142   44674545   734
 06   69.40529800   rs6902467   44707983   735
 06   69.46637648    rs489448   44750003   736
 06   69.51925236   rs3778507   45004781   737
 06   69.57099864   rs1321078   45476192   738
 06   69.67412168    rs910586   45518290   739
 06   69.73032470   rs2772395   45629427   740
 06   69.91822092  rs12202314   45638449   741
 06   69.96960676    rs997445   45666411   742
 06   70.02107206   rs9395112   45790784   743
 06   70.10076109  rs16873760   45837367   744
 06   70.16176873   rs9472569   45876769   745
 06   70.27355283  rs12204525   45899891   746
 06   70.33336571  rs10948262   45948582   747
 06   70.43235276   rs6458474   45970206   748
 06   70.48395251  rs10948265   46007361   749
 06   70.54794946   rs3777594   46041116   750
 06   70.60457143   rs3798269   46089921   751
 06   70.69273882   rs1204339   46138499   752
 06   70.81467065   rs1980530   46148846   753
 06   70.89287610   rs6458495   46259707   754
 06   71.01482901  rs10498765   46277932   755
 06   71.08954496   rs9296481   46334203   756
 06   71.17639875   rs9367243   46424071   757
 06   71.22901448   rs1534362   46551887   758
 06   71.28928615  rs10807344   46733594   759
 06   71.42152444  rs10948303   46841062   760
 06   71.47612546   rs6458525   46925941   761
 06   71.54128000   rs1571442   46948720   762
 06   71.60561441   rs6458530   47003117   763
 06   71.66060372   rs4714979   47059624   764
 06   71.74209847   rs1226512   47115222   765
 06   71.80002701   rs1738820   47203156   766
 06   71.90843024   rs9349391   47245694   767
 06   72.08960372    rs714373   47337585   768
 06   72.16660204   rs6901823   47417070   769
 06   72.31022474   rs9395247   47425884   770
 06   72.36093488   rs4715005   47472916   771
 06   72.41106351   rs9369704   47574792   772
 06   72.48813298   rs1890061   47819559   773
 06   72.54614140  rs16876602   47912395   774
 06   72.59703602   rs9381631   47996659   775
 06   72.64915852   rs2180740   48096270   776
 06   72.70194439   rs2456918   48328141   777
 06   72.75778293    rs325052   48402005   778
 06   72.88759376   rs9473361   48504293   779
 06   72.94974135  rs16878078   48837484   780
 06   73.00204865  rs12210871   49072024   781
 06   73.05474445  rs11752910   49388929   782
 06   73.12986518  rs17805607   49619928   783
 06   73.18200489   rs1480617   49688517   784
 06   73.23607216    rs780558   49904870   785
 06   73.30696825   rs4715153   49999217   786
 06   73.37737436  rs12196609   50093898   787
 06   73.43873075   rs4715178   50207760   788
 06   73.48951273   rs1126287   50375792   789
 06   73.54626912   rs9349542   50497511   790
 06   73.60630625   rs7758661   50518266   791
 06   73.65691288   rs1008297   50565980   792
 06   73.71044020   rs2272903   50894530   793
 06   73.76060180  rs12215345   51053949   794
 06   73.81069498   rs9463680   51251060   795
 06   73.86193318   rs2796908   51282577   796
 06   73.91404737  rs12207656   51513515   797
 06   73.96950649   rs6937025   51638724   798
 06   74.02194779  rs16881828   51720009   799
 06   74.13267813   rs9349603   51828797   800
 06   74.28730787   rs1896967   51936437   801
 06   74.33987859   rs1413917   52110269   802
 06   74.47905756   rs8193037   52159068   803
 06   74.53025320  rs12201582   52212648   804
 06   74.66510412    rs472589   52311791   805
 06   74.78572518   rs6912417   52320969   806
 06   74.83736905  rs10456660   52361798   807
 06   74.89068600   rs4715307   52532677   808
 06   74.99847014   rs7746685   52558406   809
 06   75.05687195    rs723815   52627162   810
 06   75.26555627   rs2180312   52712013   811
 06   75.31980512  rs13215455   52847613   812
 06   75.47825751    rs668163   52860993   813
 06   75.57284904  rs10456664   52918612   814
 06   75.67206390  rs11962677   52923725   815
 06   75.74577155  rs17608022   52940036   816
 06   75.81654627   rs2816346   53106747   817
 06   75.86726428  rs10484663   53183217   818
 06   75.91924453   rs9474466   53219476   819
 06   75.99735227    rs934147   53347567   820
 06   76.12732034  rs12209741   53391346   821
 06   76.27206304   rs1467408   53459248   822
 06   76.32250529   rs2397146   53468078   823
 06   76.48584171    rs510088   53516748   824
 06   76.54898013   rs7738142   53529869   825
 06   76.60237184    rs809942   53551228   826
 06   76.65371784    rs676965   53584729   827
 06   76.72151808  rs12210809   53627816   828
 06   76.77354608   rs9370225   53654545   829
 06   76.96048160   rs4715416   53673991   830
 06   77.01115549   rs3001006   53808052   831
 06   77.10425647   rs9370251   53955631   832
 06   77.15610673  rs12206659   53977180   833
 06   77.25348781   rs9382278   54010676   834
 06   77.30610066    rs499594   54083872   835
 06   77.38063565   rs2136136   54263630   836
 06   77.43477477   rs3907818   54386233   837
 06   77.49481755   rs9367581   54527706   838
 06   77.55386740  rs10484986   54586489   839
 06   77.62316384   rs2135760   54740495   840
 06   77.68786870   rs7453866   54861585   841
 06   77.74674514  rs12209485   55119689   842
 06   77.79821097   rs3122156   55190766   843
 06   77.86265903    rs958626   55299182   844
 06   77.91852856   rs3942865   55363787   845
 06   77.97285547   rs1472641   55409682   846
 06   78.04097632   rs4236134   55551311   847
 06   78.10316024  rs11754509   55581253   848
 06   78.15590373   rs2498529   55671162   849
 06   78.22566499   rs2209102   55783809   850
 06   78.27722611   rs2021803   55838171   851
 06   78.32730061   rs7758138   55970203   852
 06   78.41001384   rs4715574   56022598   853
 06   78.53918507   rs7757985   56216468   854
 06   78.59779500   rs9475665   56290424   855
 06   78.66384576   rs9475676   56316710   856
 06   78.72798145    rs606894   56403616   857
 06   78.77804407   rs6941626   56607148   858
 06   78.83413795   rs2817573   56919083   859
 06   79.00575885   rs7760349   57220087   860
 06   79.06042900   rs1888266   57290027   861
 06   79.13594313   rs9476005   57437845   862
 06   79.19309203   rs4440467   57774386   863
 06   79.28341327   rs7776004   58451721   864
 06   79.33512316   rs1336317   62092916   865
 06   79.38533023   rs6901766   62709022   866
 06   79.43553279   rs4710674   62957473   867
 06   79.48698107   rs1334737   63328528   868
 06   79.53963812  rs12190145   63620474   869
 06   79.60108449   rs9359331   63944147   870
 06   79.65904572   rs2677024   64142764   871
 06   79.71593191   rs7767473   64413118   872
 06   79.76853629   rs9353368   64706120   873
 06   79.83442007   rs6454771   65058897   874
 06   79.89647622   rs2050623   65301730   875
 06   79.95944832   rs1415534   65373098   876
 06   80.01668913   rs9360039   65474877   877
 06   80.10871953   rs9453089   65614799   878
 06   80.17490656   rs2144715   65717788   879
 06   80.42941082  rs12207169   65832479   880
 06   80.49622454  rs13201014   66052122   881
 06   80.61888708   rs1393685   66120847   882
 06   80.70592749  rs10944808   66233799   883
 06   80.77038930    rs354401   66371601   884
 06   80.82083998  rs13191280   66548446   885
 06   80.87122979   rs4424062   66685113   886
 06   80.92431929   rs6929762   66765998   887
 06   80.97523838   rs6919921   66972978   888
 06   81.23788071   rs1398803   67096461   889
 06   81.29158922   rs1464072   67180476   890
 06   81.38559903   rs6924193   67214227   891
 06   81.43972312   rs1224521   67297018   892
 06   81.49551444   rs9354442   67322974   893
 06   81.61208227    rs183895   67392564   894
 06   81.67022056  rs12201073   67545323   895
 06   81.81221976   rs4544889   67618665   896
 06   81.88481207   rs9354503   67690792   897
 06   81.95791102   rs9445804   67780883   898
 06   82.01542857  rs16899152   67941933   899
 06   82.12401626   rs7766725   67988664   900
 06   82.17474448   rs9454120   68141426   901
 06   82.22626188   rs7775598   68306839   902
 06   82.27761512  rs12200788   68516347   903
 06   82.37602135   rs1399224   68606194   904
 06   82.44730707  rs12153928   68784631   905
 06   82.50291854    rs701716   68872204   906
 06   82.56969401    rs701713   68917477   907
 06   82.62340239   rs7454318   68972611   908
 06   82.68058291   rs9454457   69041977   909
 06   82.76583205   rs1907149   69138866   910
 06   82.85034207   rs6922980   69226126   911
 06   82.98935922   rs2802681   69457482   912
 06   83.08980781    rs571299   69597671   913
 06   83.14042972   rs3798992   69755259   914
 06   83.19070027   rs3799039   69883228   915
 06   83.26299709   rs9454742   70169719   916
 06   83.43358291   rs7752231   70421877   917
 06   83.51383675   rs9454900   70587302   918
 06   83.56420157  rs16868360   70681887   919
 06   83.67056043   rs3828767   70799972   920
 06   83.72709465   rs6939166   70805407   921
 06   83.77816102  rs11964071   70901104   922
 06   83.83035163  rs10498872   70997373   923
 06   83.89493272    rs701682   71050656   924
 06   84.01511885    rs498373   71077051   925
 06   84.16561233   rs7772055   71121016   926
 06   84.22838625   rs9446271   71356370   927
 06   84.35296877    rs781994   71414885   928
 06   84.43355178   rs1619936   71655266   929
 06   84.60702341   rs9294882   71706893   930
 06   84.65982495  rs13208627   71809225   931
 06   84.72000078    rs992998   71876722   932
 06   84.77270595   rs9294888   71989993   933
 06   84.83593386   rs7748559   72050422   934
 06   84.89359097   rs2222722   72170433   935
 06   84.94365597  rs12195791   72261853   936
 06   84.99453149   rs9446418   72348255   937
 06   85.19536040   rs1328706   72510007   938
 06   85.25276760   rs1536764   72615541   939
 06   85.30692808   rs2013821   72700144   940
 06   85.36292477    rs535807   72763225   941
 06   85.41761707  rs10455256   73078755   942
 06   85.47771977   rs2781567   73224548   943
 06   85.59259911   rs2781564   73234584   944
 06   85.75642329   rs7772714   73391570   945
 06   85.84257602   rs2840794   73516111   946
 06   85.89340114   rs7775641   73535346   947
 06   85.95070246   rs6927484   73603471   948
 06   86.01151247   rs1317537   73706051   949
 06   86.08998958  rs10943073   73715709   950
 06   86.15133149   rs9351963   73806582   951
 06   86.26678618   rs6933440   73867795   952
 06   86.43843931   rs6453644   73921917   953
 06   86.51224416   rs2603472   74022689   954
 06   86.60579157   rs9360664   74098145   955
 06   86.71628596   rs7761170   74209619   956
 06   86.78203167  rs10498893   74438497   957
 06   86.92442450   rs9293937   74480790   958
 06   86.99138879   rs3005511   74662534   959
 06   87.04303130   rs4708114   74831678   960
 06   87.09642547   rs2635117   75027507   961
 06   87.15298364  rs13193570   75127462   962
 06   87.20329254   rs2992983   75348586   963
 06   87.35152175   rs2883136   75534691   964
 06   87.41334549   rs6453809   75806853   965
 06   87.46999954    rs636885   75886093   966
 06   87.66797419    rs240734   75903756   967
 06   87.76617226    rs240366   75972076   968
 06   87.83357521   rs2951928   76192988   969
 06   87.88664057   rs3798447   76592800   970
 06   87.96801525  rs10943299   76697523   971
 06   88.03958461   rs4708201   76719533   972
 06   88.09896001   rs1933483   76823944   973
 06   88.17685783   rs6453873   77076267   974
 06   88.32563655   rs4235898   77322907   975
 06   88.42785478   rs4441926   77337162   976
 06   88.47798309   rs9361100   77397823   977
 06   88.52851446   rs9343476   77449827   978
 06   88.60736073   rs1016555   77479349   979
 06   88.65997794  rs13216684   77604337   980
 06   88.71122591   rs7767310   77656052   981
 06   88.76749497   rs9447983   77918661   982
 06   88.82606802  rs13210682   78034009   983
 06   88.94905837   rs9361235   78232561   984
 06   89.00069451   rs1304885   78387412   985
 06   89.07740947    rs483602   78449843   986
 06   89.13333502   rs7758172   78781259   987
 06   89.25218034    rs699171   79019038   988
 06   89.33748994    rs600188   79241825   989
 06   89.39652420   rs9443592   79316009   990
 06   89.45629828  rs11756825   79436318   991
 06   89.50827045   rs9361491   79882867   992
 06   89.64366198   rs2874649   79931862   993
 06   89.69509540   rs4706768   80073400   994
 06   89.75009782    rs725750   80139646   995
 06   89.80689916    rs196683   80179680   996
 06   89.90431148  rs11754404   80197858   997
 06   89.96029493   rs6939569   80364640   998
 06   90.01310540   rs2812710   80434561   999
 06   90.06450771   rs9343931   80493016  1000
 06   90.12689345  rs12525600   80568533  1001
 06   90.18066225   rs1321847   80589906  1002
 06   90.25342258    rs346291   80621555  1003
 06   90.32424252   rs9343953   80731013  1004
 06   90.41505851    rs240226   80772557  1005
 06   90.46610377    rs604732   81032460  1006
 06   90.52714798   rs9352838   81206797  1007
 06   90.59200714   rs2503749   81406475  1008
 06   90.65131265  rs13193950   81593433  1009
 06   90.71287741   rs9449223   81793030  1010
 06   90.86772435   rs7762518   81991324  1011
 06   90.91825600    rs996136   82144016  1012
 06   90.96965536   rs1341230   82436294  1013
 06   91.07903313  rs10943829   82456630  1014
 06   91.13501810  rs10484871   82500427  1015
 06   91.18545741   rs1291465   82562424  1016
 06   91.26578127   rs9361875   82667777  1017
 06   91.31613267   rs4054489   82756089  1018
 06   91.41584781   rs1342194   82812573  1019
 06   91.46690084   rs2039669   82850958  1020
 06   91.53776359   rs9449437   82914093  1021
 06   91.60785746   rs2983882   83213209  1022
 06   91.66840391   rs1369869   83423001  1023
 06   91.73121427    rs287849   83510578  1024
 06   91.82871084   rs1076710   83642519  1025
 06   91.88314964   rs2324167   83673241  1026
 06   91.95769819   rs7766560   83841216  1027
 06   92.01328485   rs1180195   84017581  1028
 06   92.07626662  rs12204318   84277124  1029
 06   92.14883637    rs624076   84476512  1030
 06   92.24470405   rs9341967   84651368  1031
 06   92.41357727   rs2497113   84823871  1032
 06   92.56660014   rs6910017   85028082  1033
 06   92.67312876   rs2206984   85093004  1034
 06   92.74917499  rs10943979   85164601  1035
 06   92.80217285   rs9444174   85176223  1036
 06   92.85313412   rs4707051   85228254  1037
 06   92.94244140   rs7741380   85268059  1038
 06   92.99590094  rs10498943   85385340  1039
 06   93.09570801    rs763725   85649750  1040
 06   93.15470989   rs7773154   85784515  1041
 06   93.20810816   rs1359602   85884243  1042
 06   93.25872654    rs515583   85933010  1043
 06   93.33149327   rs7759585   86064816  1044
 06   93.38195306    rs313243   86113502  1045
 06   93.44474720   rs7452605   86297670  1046
 06   93.52464920    rs220414   86921748  1047
 06   93.57798943   rs2816579   87075014  1048
 06   93.63858600  rs17543325   87146255  1049
 06   93.69314437   rs9344620   87269815  1050
 06   93.74671274  rs12198149   87547876  1051
 06   93.80978467  rs16879873   87607560  1052
 06   93.87244063   rs6936751   87765865  1053
 06   93.92408860   rs9359730   87851299  1054
 06   93.97972707    rs242275   88102682  1055
 06   94.03029393   rs9444519   88347117  1056
 06   94.10159999   rs4707403   88523709  1057
 06   94.18138021   rs9344726   88554005  1058
 06   94.31234579    rs722903   88572771  1059
 06   94.51855499   rs1324689   88613604  1060
 06   94.57053638   rs4428477   88689728  1061
 06   94.77840945  rs16879998   88727920  1062
 06   94.83253528    rs269442   88743337  1063
 06   95.11544600   rs3857490   88885755  1064
 06   95.22589819    rs806376   88915367  1065
 06   95.27903274   rs6906184   88943934  1066
 06   95.37228666   rs7770704   88947339  1067
 06   95.44156754   rs9450918   88964454  1068
 06   95.49498074   rs7769940   89007224  1069
 06   95.54505042   rs1324960   89110425  1070
 06   95.62372896  rs16880525   89143579  1071
 06   95.72177041   rs4707477   89264971  1072
 06   95.77575145   rs4706323   89317896  1073
 06   95.87521420    rs744270   89355765  1074
 06   95.95774464   rs2610768   89375359  1075
 06   96.03501022   rs9451118   89754743  1076
 06   96.09083365    rs855575   89811469  1077
 06   96.14194313    rs439912   89963734  1078
 06   96.19937089    rs282114   89988923  1079
 06   96.37937744    rs282121   90036802  1080
 06   96.43925106   rs7742664   90065463  1081
 06   96.49722932   rs7743444   90112800  1082
 06   96.60562882    rs854917   90184109  1083
 06   96.65981251   rs1179901   90377917  1084
 06   96.71370021  rs11967579   90596729  1085
 06   96.88295356    rs292255   90700002  1086
 06   96.94119876   rs6935670   90734227  1087
 06   96.99553187   rs6908310   90752487  1088
 06   97.12968233   rs4707585   90763751  1089
 06   97.30101709   rs4141550   90800350  1090
 06   97.47588956   rs6454802   90870920  1091
 06   97.52743078  rs12209546   90969315  1092
 06   97.57812528  rs12195431   91076375  1093
 06   97.62889772   rs1847473   91093744  1094
 06   97.68682627    rs717893   91121275  1095
 06   98.00653360    rs790605   91162617  1096
 06   98.06345062   rs1221220   91250870  1097
 06   98.14489009    rs157705   91281856  1098
 06   98.19492705   rs2750440   91422760  1099
 06   98.31776588   rs2325312   91474114  1100
 06   98.37696762  rs12526019   91547635  1101
 06   98.58349551   rs9353764   91586443  1102
 06   98.67332629   rs1145786   91678597  1103
 06   98.85514089    rs711280   91699028  1104
 06   99.00678264   rs1144168   91752389  1105
 06   99.13799371   rs6936812   91809748  1106
 06   99.21224092   rs7766974   91837059  1107
 06   99.26787005   rs6924365   91872755  1108
 06   99.43515169   rs9345098   91901230  1109
 06   99.48577995   rs9294483   92005303  1110
 06   99.62330051   rs2224063   92075807  1111
 06   99.68865486   rs2818291   92206055  1112
 06   99.74942091   rs4707675   92278279  1113
 06   99.83279191   rs7453029   92424364  1114
 06   99.88400751   rs1761783   92457892  1115
 06   99.93535310   rs4318847   92646830  1116
 06  100.03866496   rs1493556   92735946  1117
 06  100.14603874   rs2452974   92809387  1118
 06  100.20000744   rs1373376   92947386  1119
 06  100.25020543   rs9451963   92998193  1120
 06  100.30424503   rs6927251   93127736  1121
 06  100.36557560   rs6935299   93256445  1122
 06  100.42113663   rs9345268   93459268  1123
 06  100.48487175   rs6908465   93500050  1124
 06  100.56288303    rs951556   93610146  1125
 06  100.61357912   rs7742301   93699812  1126
 06  100.73657611    rs677242   93758862  1127
 06  100.89566808   rs7760335   93808735  1128
 06  100.99792612   rs6938042   93890157  1129
 06  101.05041971   rs7772899   93955354  1130
 06  101.10044996   rs1572102   93999838  1131
 06  101.19920492    rs164301   94086536  1132
 06  101.25485395   rs4707796   94133139  1133
 06  101.31375696    rs351331   94186745  1134
 06  101.44328599   rs1906980   94404759  1135
 06  101.50633527   rs7765999   94625152  1136
 06  101.57382334    rs574793   94867896  1137
 06  101.63310053  rs12216311   94961207  1138
 06  101.68410621  rs12529767   95060165  1139
 06  101.79437496    rs461442   95122082  1140
 06  101.87129287   rs2325585   95149574  1141
 06  101.93285269   rs1322422   95233080  1142
 06  102.05711630   rs9445284   95244735  1143
 06  102.10834890    rs993200   95377539  1144
 06  102.16129959   rs2502037   95424156  1145
 06  102.23657547   rs6931706   95478595  1146
 06  102.29189568    rs794669   95561061  1147
 06  102.34941888    rs197902   95649511  1148
 06  102.40228493   rs2380218   95947837  1149
 06  102.45646419   rs9320526   96132167  1150
 06  102.51188615   rs4839992   96300666  1151
 06  102.56410016   rs6899560   96382259  1152
 06  102.61483253   rs1336959   96401361  1153
 06  102.66528125  rs13215966   96467173  1154
 06  102.72064356    rs621062   96521140  1155
 06  102.82920929   rs9322615   96588173  1156
 06  102.89886288   rs2248641   96599954  1157
 06  102.94969401   rs7768506   96781476  1158
 06  103.00620431   rs9384578   96953696  1159
 06  103.21216972   rs1413522   97209336  1160
 06  103.26360537    rs394490   97271226  1161
 06  103.35346185    rs850577   97471960  1162
 06  103.40815935   rs9320375   97555763  1163
 06  103.51084694   rs1206155   97655927  1164
 06  103.58054882  rs10499010   97871166  1165
 06  103.63323629   rs4391266   98151353  1166
 06  103.79350648   rs9401123   98289833  1167
 06  103.84774566   rs9489706   98321116  1168
 06  103.89843935   rs9372650   98502142  1169
 06  103.94873151  rs17058404   98888574  1170
 06  104.08124133   rs9388482   99012654  1171
 06  104.28416523    rs158773   99056271  1172
 06  104.34241728    rs150396   99069312  1173
 06  104.39839716  rs17829357   99124453  1174
 06  104.51772110   rs9375604   99276760  1175
 06  104.64355952  rs10499023   99333450  1176
 06  104.72863911   rs9375728   99433211  1177
 06  104.78847691   rs9402444   99645874  1178
 06  104.94910041  rs12528619   99782629  1179
 06  105.00057234  rs11963108   99900336  1180
 06  105.05238046   rs2038715  100089060  1181
 06  105.11343046    rs472977  100237712  1182
 06  105.16593755   rs9373250  100362192  1183
 06  105.33320301   rs9495657  100400252  1184
 06  105.40249152  rs13212643  100535034  1185
 06  105.46560326   rs4642484  100558771  1186
 06  105.57597175  rs11155282  100699743  1187
 06  105.65571753  rs17789218  100706818  1188
 06  105.77660701  rs12201659  100740059  1189
 06  105.89932616   rs6570574  100749588  1190
 06  105.97280954    rs924974  100869934  1191
 06  106.03264740   rs1506084  100919909  1192
 06  106.20851806   rs3798492  100995346  1193
 06  106.27804001   rs9377236  101396681  1194
 06  106.37889263   rs1338161  101941837  1195
 06  106.45750297   rs2579931  101961354  1196
 06  106.56838973   rs1856309  101973089  1197
 06  106.63935357   rs2749060  102047933  1198
 06  106.73002639   rs2021678  102140234  1199
 06  106.92311599   rs1415485  102225039  1200
 06  107.00690816  rs17062422  102284737  1201
 06  107.16683608   rs9498691  102318510  1202
 06  107.25828450   rs1475922  102457440  1203
 06  107.30901117   rs2782908  102545672  1204
 06  107.38795117   rs3849205  102707870  1205
 06  107.52401288   rs6909610  102745846  1206
 06  107.57427218   rs4334996  102907074  1207
 06  107.64427308   rs6928093  103010466  1208
 06  107.69658992   rs7769811  103231036  1209
 06  107.87268850   rs9390890  103368208  1210
 06  107.92283260   rs7761003  103415966  1211
 06  107.97512607   rs9404303  103590645  1212
 06  108.05723325  rs12205502  103616369  1213
 06  108.11443218   rs2742702  103753106  1214
 06  108.16532627  rs17624545  103947395  1215
 06  108.37046084   rs9499550  104097165  1216
 06  108.42266238   rs9377573  104288292  1217
 06  108.54509347   rs4335016  104324113  1218
 06  108.64216375  rs13362595  104414778  1219
 06  108.86382542   rs2205746  104572980  1220
 06  108.91497663    rs859980  104607891  1221
 06  109.00223944  rs12203539  104630035  1222
 06  109.14376938   rs6942087  104849458  1223
 06  109.20101785   rs4946463  104938196  1224
 06  109.28338805    rs450996  105073598  1225
 06  109.35209085   rs6910034  105240315  1226
 06  109.40227777   rs2153127  105455237  1227
 06  109.46728475    rs221626  105612935  1228
 06  109.54023254   rs7769944  105653798  1229
 06  109.68728045   rs1765924  105754484  1230
 06  109.78164781   rs1189924  105810861  1231
 06  109.87965242   rs1617445  105863763  1232
 06  109.94415202   rs9500087  105928205  1233
 06  110.04913044   rs6909720  105982307  1234
 06  110.10517286   rs1269287  106058532  1235
 06  110.20257523   rs9480578  106085359  1236
 06  110.31522266   rs4946673  106107523  1237
 06  110.37069346    rs714530  106149578  1238
 06  110.54604180   rs2027873  106166337  1239
 06  110.60196314   rs4440505  106293118  1240
 06  110.75851638   rs2895618  106373066  1241
 06  110.88069089  rs11966261  106409967  1242
 06  111.08761586  rs13437093  106429443  1243
 06  111.26601503   rs4568493  106436659  1244
 06  111.35984063   rs9386492  106475402  1245
 06  111.41485578  rs11152943  106511795  1246
 06  111.48578598   rs9480625  106521683  1247
 06  111.56009503   rs6925611  106618625  1248
 06  111.67618352    rs535490  106671127  1249
 06  111.72659268   rs9398069  106707858  1250
 06  111.80555231   rs1322178  106738473  1251
 06  111.86108550  rs17251215  106927858  1252
 06  111.94996687   rs2749083  106942992  1253
 06  112.00133880    rs987377  106967405  1254
 06  112.05855608    rs927016  106992478  1255
 06  112.12195837   rs6905896  107020698  1256
 06  112.27500770   rs6925883  107032403  1257
 06  112.33591630   rs7760555  107051513  1258
 06  112.39317197   rs1159148  107073878  1259
 06  112.44372299    rs898898  107170233  1260
 06  112.49960475   rs3127660  107240412  1261
 06  112.55594556   rs6915445  107281208  1262
 06  112.62324420   rs1022630  107296340  1263
 06  112.69689397   rs3117418  107323246  1264
 06  113.20522849   rs3099605  107435788  1265
 06  113.30170772    rs311232  107503351  1266
 06  113.56114594   rs6568468  107579642  1267
 06  113.63327788  rs17068076  107643700  1268
 06  113.68434050   rs7745716  107820014  1269
 06  113.73967900   rs6940398  107992696  1270
 06  113.81682821   rs9373956  108035718  1271
 06  113.97991416    rs847003  108108177  1272
 06  114.03211112   rs1728118  108136211  1273
 06  114.14805377   rs6934505  108174696  1274
 06  114.22206617   rs4946861  108195170  1275
 06  114.29296066   rs6900051  108272641  1276
 06  114.42931173   rs9372175  108409284  1277
 06  114.50275591   rs2050042  108415352  1278
 06  114.58713470   rs7770621  108439044  1279
 06  114.66187351   rs9400180  108461591  1280
 06  114.81553714   rs4946900  108522085  1281
 06  114.87838492   rs6919324  108548915  1282
 06  115.00547944    rs218291  108573717  1283
 06  115.07642030    rs217520  108600042  1284
 06  115.13020440   rs6903501  108954814  1285
 06  115.19564317   rs6911407  108973724  1286
 06  115.24884146    rs517924  109131382  1287
 06  115.46837312   rs6928805  109158027  1288
 06  115.54907168    rs541020  109190725  1289
 06  115.59927892    rs471422  109245184  1290
 06  115.74214638  rs12195848  109385798  1291
 06  115.86720154    rs351739  109610669  1292
 06  115.92379830  rs11759269  109747181  1293
 06  116.01208929  rs12181780  109816229  1294
 06  116.07667154  rs10499054  110212927  1295
 06  116.19773057   rs6903208  110329618  1296
 06  116.31027459   rs9487258  110370337  1297
 06  116.44835175   rs2503772  110392108  1298
 06  116.59957387   rs2505039  110412597  1299
 06  116.65355723   rs9372248  110496619  1300
 06  116.85876022    rs976471  110765878  1301
 06  116.98524060   rs9374167  110803063  1302
 06  117.05211396   rs3823447  110852512  1303
 06  117.13851734   rs2428175  110914475  1304
 06  117.21813434   rs2023705  110960203  1305
 06  117.27780175   rs9487444  110996128  1306
 06  117.33096862   rs7768897  111318976  1307
 06  117.38303306  rs13202203  111473158  1308
 06  117.54026040   rs9320356  111501114  1309
 06  117.64555706  rs12202418  111558160  1310
 06  117.70229837  rs11153298  111996147  1311
 06  117.75891610   rs9387018  112055967  1312
 06  117.81577939   rs1794821  112076182  1313
 06  117.86915723    rs809193  112127107  1314
 06  117.91999451   rs2182644  112245575  1315
 06  117.97040700   rs9387058  112400703  1316
 06  118.03180396   rs1028122  112449402  1317
 06  118.15183927    rs925755  112457022  1318
 06  118.20633303   rs1160798  112545139  1319
 06  118.27984464   rs6913656  112589928  1320
 06  118.36872082   rs4945899  112640908  1321
 06  118.45209412   rs6935727  112714839  1322
 06  118.61001290   rs9400534  112768454  1323
 06  118.81251204   rs1150092  112901854  1324
 06  118.88928513   rs9398318  113044244  1325
 06  118.99192325   rs4947192  113074534  1326
 06  119.04950764   rs9320418  113255785  1327
 06  119.11204981   rs2127965  113411596  1328
 06  119.19048887   rs9488105  113633670  1329
 06  119.25620318   rs9488119  113686275  1330
 06  119.31021276   rs9488159  113803217  1331
 06  119.40526258    rs620611  113815512  1332
 06  119.46553813   rs7769338  113920332  1333
 06  119.52562275   rs6931833  114078284  1334
 06  119.57790224   rs7774400  114134832  1335
 06  119.63850557  rs11153451  114301216  1336
 06  119.75790645   rs2810160  114329403  1337
 06  119.82378107   rs9372385  114422998  1338
 06  119.92216349   rs1022387  114569311  1339
 06  120.00770950   rs9320489  114668310  1340
 06  120.09021078    rs785129  114719588  1341
 06  120.16794841    rs750377  114967415  1342
 06  120.21805945   rs7745314  115133003  1343
 06  120.29217242   rs9387243  115170314  1344
 06  120.35413389   rs4425620  115202712  1345
 06  120.41156655   rs9372417  115318835  1346
 06  120.46349240   rs1229831  115527139  1347
 06  120.54968124   rs1548305  115715535  1348
 06  120.61387563   rs1156783  116102352  1349
 06  120.72003375   rs6908592  116249768  1350
 06  120.77237994    rs562819  116385418  1351
 06  120.82371164  rs11965969  116558896  1352
 06  120.90722990   rs3798413  116833281  1353
 06  120.95966909  rs17078062  116992250  1354
 06  121.04272168    rs548101  117190413  1355
 06  121.09436648    rs783642  117395192  1356
 06  121.15331661    rs783371  117555513  1357
 06  121.20383246    rs620590  117667558  1358
 06  121.37197574    rs451411  117690724  1359
 06  121.42227951    rs485768  117726832  1360
 06  121.50151759   rs3777958  117740540  1361
 06  121.66424258   rs9489138  117786609  1362
 06  121.72473166   rs6942067  117892389  1363
 06  121.78410387   rs4946265  117969868  1364
 06  121.84382311    rs636205  118182815  1365
 06  121.89771137   rs7754471  118219879  1366
 06  121.95284498   rs7738597  118369989  1367
 06  122.00913035  rs12208433  118508438  1368
 06  122.18511797  rs11153725  118664651  1369
 06  122.23682075  rs12204456  118946973  1370
 06  122.29219666  rs11153771  119138872  1371
 06  122.36505842   rs7742814  119185974  1372
 06  122.42365653  rs10080387  119432905  1373
 06  122.47392065    rs644640  119489051  1374
 06  122.52803294   rs9320680  119492956  1375
 06  122.59464089   rs3798603  119558938  1376
 06  122.64943628    rs195077  119696844  1377
 06  122.74571835   rs6910329  119948581  1378
 06  122.80531394   rs9374827  120137237  1379
 06  122.87299020   rs1028961  120271168  1380
 06  122.95377535   rs6933285  120383898  1381
 06  123.01310462  rs10484970  120526463  1382
 06  123.06911110  rs10457375  120646569  1383
 06  123.12682590   rs9320751  120819942  1384
 06  123.17842954   rs4535586  120899514  1385
 06  123.23102720  rs17082686  121025309  1386
 06  123.28580324  rs12194792  121126276  1387
 06  123.35249771   rs4535587  121267024  1388
 06  123.40668492   rs9387916  121420686  1389
 06  123.52485079   rs9482157  121747898  1390
 06  123.58373659   rs2389541  121815698  1391
 06  123.63839381   rs6925183  121862776  1392
 06  123.88653488   rs4523118  121966755  1393
 06  123.97095188   rs1034443  122245392  1394
 06  124.03760108   rs2679699  122409033  1395
 06  124.08797254   rs9388041  122420798  1396
 06  124.13899919   rs2094574  122729283  1397
 06  124.20021305   rs9398679  122983250  1398
 06  124.25039433   rs6913003  123112811  1399
 06  124.32497890   rs9490545  123119324  1400
 06  124.54872895   rs9375185  123160199  1401
 06  124.61239088  rs11154116  123190363  1402
 06  124.66924006   rs4962262  123214382  1403
 06  124.73272882   rs9401609  123241817  1404
 06  124.79634931   rs7754344  123338397  1405
 06  124.85845011   rs9375219  123455777  1406
 06  124.94071210   rs6916837  123523610  1407
 06  124.99407683   rs6569329  123591098  1408
 06  125.09025302   rs7746138  123684088  1409
 06  125.15494913   rs9482391  123818200  1410
 06  125.30201344  rs13212480  123903160  1411
 06  125.41481308   rs9385304  123935345  1412
 06  125.55426423   rs7760343  123966626  1413
 06  125.62210463   rs2611432  124064738  1414
 06  125.83432000    rs342616  124152024  1415
 06  125.92770173    rs928529  124184678  1416
 06  125.99377544  rs12191883  124194977  1417
 06  126.08900165   rs6936906  124204714  1418
 06  126.14114623   rs2318064  124231122  1419
 06  126.19552667  rs12196932  124307100  1420
 06  126.26214422   rs9320967  124340417  1421
 06  126.33200250   rs7742884  124357467  1422
 06  126.38523625   rs6905913  124388133  1423
 06  126.57772229   rs2064687  124417863  1424
 06  126.62951709    rs163286  124503145  1425
 06  126.84021744    rs713215  124645369  1426
 06  127.02585797   rs2626131  124693931  1427
 06  127.07631924    rs332611  124755226  1428
 06  127.12641618    rs688197  124836586  1429
 06  127.20716094    rs535492  124905661  1430
 06  127.27663425    rs527307  124924081  1431
 06  127.32687003    rs635837  124952438  1432
 06  127.48405480   rs6932501  125006989  1433
 06  127.53478331  rs17711154  125104741  1434
 06  127.65157030   rs7754584  125127347  1435
 06  127.70412407   rs1923728  125189237  1436
 06  127.84406585    rs781728  125269027  1437
 06  128.00671265    rs482014  125406994  1438
 06  128.19122851    rs567448  125416165  1439
 06  128.36956478   rs7451644  125475415  1440
 06  128.42831090    rs476436  125518315  1441
 06  128.48301045    rs495191  125570673  1442
 06  128.54753540   rs9388416  125690044  1443
 06  128.65374797   rs7756600  125724418  1444
 06  128.80693630   rs6933106  125777338  1445
 06  128.95944189   rs4895744  125839136  1446
 06  129.05734402   rs2326146  125903234  1447
 06  129.12455861   rs2747714  126049313  1448
 06  129.17787218   rs7754833  126232587  1449
 06  129.24048220   rs9398792  126313196  1450
 06  129.35921758   rs9321060  126491345  1451
 06  129.47846988   rs6569457  126615272  1452
 06  129.53059283   rs2151522  127251786  1453
 06  129.58816377   rs2800718  127442018  1454
 06  129.88976536  rs12210968  127638678  1455
 06  129.95065502   rs6903353  127876235  1456
 06  130.00468603   rs9388590  127939998  1457
 06  130.06835728    rs674751  128055589  1458
 06  130.11968979  rs12525721  128265628  1459
 06  130.17343200   rs9491896  128342642  1460
 06  130.35727483   rs7757761  128433459  1461
 06  130.44071045   rs9491913  128503481  1462
 06  130.51408171   rs9491939  128717514  1463
 06  130.57944782   rs9491960  128832480  1464
 06  130.64439501   rs6932252  128982944  1465
 06  130.69937648   rs9482919  129100707  1466
 06  130.75064871   rs4532461  129216254  1467
 06  130.81708122   rs4512245  129230175  1468
 06  130.90220651   rs4594973  129354451  1469
 06  130.96023768   rs6934624  129455026  1470
 06  131.01263978   rs1478806  129575312  1471
 06  131.08603490   rs7751571  129611906  1472
 06  131.17541775   rs2326794  129646065  1473
 06  131.23513388   rs7770270  129748811  1474
 06  131.37955360   rs2876041  129762520  1475
 06  131.43301338   rs6905196  129835664  1476
 06  131.50076930   rs6939307  129879695  1477
 06  131.65393943   rs2571591  129904485  1478
 06  131.71456095   rs9388717  129978524  1479
 06  131.78333805  rs12210003  130046292  1480
 06  131.83584111   rs7753327  130092303  1481
 06  131.96393620  rs17469847  130098274  1482
 06  132.04726012   rs4897336  130123754  1483
 06  132.18820149   rs4895856  130134178  1484
 06  132.25616491   rs9492408  130229192  1485
 06  132.36281430   rs1890142  130332136  1486
 06  132.43587721   rs1544144  130361916  1487
 06  132.48721904  rs17632964  130476623  1488
 06  132.61492164   rs4897370  130508369  1489
 06  132.72445786   rs1932115  130562365  1490
 06  132.77990916  rs12206915  130639964  1491
 06  132.86800760  rs13218932  130825756  1492
 06  132.91910720  rs12197132  130847387  1493
 06  133.05131985   rs1203356  130871140  1494
 06  133.21297201   rs9321242  130952035  1495
 06  133.30223704   rs4895890  130982926  1496
 06  133.35550968   rs9402269  131059988  1497
 06  133.45763041  rs12210303  131178841  1498
 06  133.50875008   rs9375791  131355109  1499
 06  133.67192832    rs497082  131511154  1500
 06  133.73742292   rs1746469  131544464  1501
 06  133.79820308   rs9483246  131679383  1502
 06  133.85102211  rs11965227  131740637  1503
 06  133.95120644   rs2179771  131796623  1504
 06  134.00442689   rs9493012  131885434  1505
 06  134.14235576   rs9493050  132047018  1506
 06  134.19891763   rs7759504  132108194  1507
 06  134.28374731    rs766592  132173294  1508
 06  134.36031304   rs6926970  132208983  1509
 06  134.43027833   rs1804025  132253227  1510
 06  134.52543162   rs9373002  132279972  1511
 06  134.59182413  rs12200211  132296478  1512
 06  134.64484609    rs928501  132317130  1513
 06  134.70536046   rs1206737  132406214  1514
 06  134.78740808  rs12529280  132542186  1515
 06  134.91086140   rs3927419  132575056  1516
 06  134.96321006    rs604196  132685728  1517
 06  135.01859591  rs13196312  132723570  1518
 06  135.18375749   rs9385608  132803788  1519
 06  135.32041549   rs1044083  132821860  1520
 06  135.39428377   rs2153177  132887059  1521
 06  135.56930763   rs4305745  132935405  1522
 06  135.72958624   rs7759004  132972017  1523
 06  135.78975049   rs2745432  133052218  1524
 06  135.93876831   rs6569828  133081014  1525
 06  136.04729265   rs7738071  133126809  1526
 06  136.09919218   rs6904471  133309096  1527
 06  136.15203349    rs271167  133365565  1528
 06  136.20848442  rs12196256  133521354  1529
 06  136.26090926  rs17062270  133648998  1530
 06  136.31098179    rs211605  133739910  1531
 06  136.37062320    rs211598  133774601  1532
 06  136.42328273    rs568911  133859149  1533
 06  136.55459179   rs6911166  133936266  1534
 06  136.63626718   rs1878551  133948976  1535
 06  136.71800384   rs9389095  134136042  1536
 06  136.76819900   rs2209044  134173931  1537
 06  136.83708509   rs2327429  134251530  1538
 06  136.94136633    rs228859  134292887  1539
 06  137.09951808    rs229904  134361167  1540
 06  137.15551009  rs11154757  134385490  1541
 06  137.30059996   rs2254235  134406736  1542
 06  137.49754363   rs7738638  134433066  1543
 06  137.59130904   rs7741722  134473563  1544
 06  137.68479384   rs4645436  134508166  1545
 06  137.79958227   rs9402571  134530653  1546
 06  137.88297567   rs1763527  134541547  1547
 06  137.95175850   rs4896028  134580872  1548
 06  138.09052449   rs4896032  134616627  1549
 06  138.19240346  rs10485350  134728553  1550
 06  138.34060994    rs736476  134769313  1551
 06  138.40239758   rs4896044  134779781  1552
 06  138.45327015   rs6908662  134838602  1553
 06  138.58548111   rs4896067  134873179  1554
 06  138.63909214    rs228420  134928740  1555
 06  138.71670329   rs4896079  134961047  1556
 06  138.78182826   rs6569962  135053269  1557
 06  138.84636724    rs958747  135131247  1558
 06  138.94644227   rs9402653  135180053  1559
 06  139.00412363   rs9385710  135256981  1560
 06  139.05412666  rs11754504  135363202  1561
 06  139.10730429  rs17064262  135507167  1562
 06  139.19795403    rs210937  135582073  1563
 06  139.34306632   rs2207000  135665526  1564
 06  139.39347205   rs2143681  135974698  1565
 06  139.44942845   rs9399161  136122157  1566
 06  139.52403986   rs6570047  136210916  1567
 06  139.58340710   rs9402774  136259803  1568
 06  139.76224930   rs7752169  136269251  1569
 06  139.82174002   rs4896185  136323311  1570
 06  140.00063241   rs6921041  136412351  1571
 06  140.10054253   rs9494464  136550609  1572
 06  140.23846678    rs797553  136613158  1573
 06  140.29503060   rs3799462  136887442  1574
 06  140.34682017   rs6917580  137001971  1575
 06  140.43101644   rs2237270  137008434  1576
 06  140.59813753   rs9376221  137034072  1577
 06  140.64939640    rs911182  137076157  1578
 06  140.70033915   rs3734552  137154326  1579
 06  140.75281724   rs6570118  137305633  1580
 06  140.94257799   rs1935743  137330176  1581
 06  141.02619830   rs6935119  137348256  1582
 06  141.08610471   rs1744061  137366348  1583
 06  141.14063058    rs276550  137443470  1584
 06  141.19182780    rs276467  137505911  1585
 06  141.30516666   rs9376267  137572724  1586
 06  141.45583009  rs17321070  137595938  1587
 06  141.59051241   rs2797667  137654201  1588
 06  141.73899014   rs9402884  137659033  1589
 06  141.92133073   rs1591208  137734557  1590
 06  142.02687778   rs7767115  137864411  1591
 06  142.11691424   rs9321619  137916101  1592
 06  142.16985874    rs487438  137989681  1593
 06  142.22075791   rs6917441  138060132  1594
 06  142.27713787    rs643746  138094373  1595
 06  142.33825601    rs657597  138188198  1596
 06  142.41446694   rs7755566  138290534  1597
 06  142.46858483   rs6931591  138341608  1598
 06  142.56088894   rs7768419  138345862  1599
 06  142.65610297   rs4479955  138368250  1600
 06  142.82121805   rs9389549  138384712  1601
 06  142.89896970    rs648396  138454962  1602
 06  142.96986716   rs9494937  138459708  1603
 06  143.04630696   rs4896325  138526622  1604
 06  143.15687899    rs203146  138632859  1605
 06  143.29837394    rs203142  138698205  1606
 06  143.36825732   rs6570234  138781694  1607
 06  143.44301358   rs4895527  138807940  1608
 06  143.64379457   rs4896370  138860530  1609
 06  143.73142883   rs9389586  138865241  1610
 06  143.78463607   rs6570242  138882850  1611
 06  143.83950402   rs9495144  138942628  1612
 06  143.95148286   rs4896381  139037847  1613
 06  144.06339041  rs10457675  139092641  1614
 06  144.11916476    rs911081  139171906  1615
 06  144.18904551   rs9399258  139209272  1616
 06  144.24625077   rs6933108  139241583  1617
 06  144.30396594   rs9403023  139361410  1618
 06  144.38248809   rs6918066  139399308  1619
 06  144.44572024  rs10872502  139443167  1620
 06  144.52169927  rs17304375  139477571  1621
 06  144.69529386   rs7770356  139590739  1622
 06  144.86171115   rs9321711  139605315  1623
 06  144.94161101   rs9376406  139659446  1624
 06  145.29724950   rs4243461  139711824  1625
 06  145.55877657   rs9373237  139758634  1626
 06  145.61212275   rs2058472  139796819  1627
 06  145.69005356   rs7766444  139848440  1628
 06  145.78699024   rs7759066  139889414  1629
 06  145.84454667   rs2057034  139939760  1630
 06  145.90169197   rs1936211  140002345  1631
 06  145.95324078   rs9403101  140030709  1632
 06  146.01208746   rs6570376  140198635  1633
 06  146.06214807   rs1028471  140304834  1634
 06  146.11253392   rs9321772  140904839  1635
 06  146.16324923   rs1856384  141255989  1636
 06  146.21841661   rs4385332  141484518  1637
 06  146.26883644   rs9376609  141713425  1638
 06  146.32074357  rs13201721  141841227  1639
 06  146.40652630   rs6913816  142080058  1640
 06  146.46333104  rs11155211  142230099  1641
 06  146.72401551   rs9385984  142364149  1642
 06  146.77640983   rs7765914  142602000  1643
 06  146.87376065   rs9376683  142668392  1644
 06  146.99067670   rs9403384  142751294  1645
 06  147.11597364    rs865141  142926467  1646
 06  147.16607248  rs12200517  143062445  1647
 06  147.24800611   rs9496445  143089591  1648
 06  147.42402984    rs197508  143139186  1649
 06  147.53542269  rs12205042  143256522  1650
 06  147.59511898   rs2095369  143311909  1651
 06  147.64728378   rs1041654  143331054  1652
 06  147.70659648   rs9496502  143374096  1653
 06  147.79352391   rs7774011  143423803  1654
 06  147.84896184   rs3804528  143441785  1655
 06  147.93864091   rs7740214  143586340  1656
 06  147.98895382   rs1570350  143634079  1657
 06  148.22475660   rs9376748  143768390  1658
 06  148.28054496   rs1038390  143868795  1659
 06  148.33475497   rs7745861  143885055  1660
 06  148.38790466   rs9403515  143949706  1661
 06  148.43964569   rs9403523  144046674  1662
 06  148.50742355   rs1015341  144077157  1663
 06  148.61486721   rs9403527  144089526  1664
 06  148.70459566   rs7742964  144147096  1665
 06  148.78263742  rs12197107  144194695  1666
 06  148.83498008   rs9403539  144306059  1667
 06  148.99651398   rs9321951  144319261  1668
 06  149.05612547   rs6929066  144444638  1669
 06  149.12426618  rs12208207  144499592  1670
 06  149.18890051   rs4896703  144539270  1671
 06  149.27314618   rs4896706  144560843  1672
 06  149.42723376    rs636408  144652126  1673
 06  149.47837994   rs6904422  144741424  1674
 06  149.54945443   rs4895642  144800492  1675
 06  149.86919719   rs9496982  144848384  1676
 06  149.91991205  rs10434890  145000349  1677
 06  149.98138668   rs9321987  145071977  1678
 06  150.03251722   rs2297846  145189804  1679
 06  150.08996753   rs2050719  145295639  1680
 06  150.20474799   rs6913592  145371313  1681
 06  150.26069664    rs649933  145475150  1682
 06  150.39812056   rs7768714  145559924  1683
 06  150.44930518   rs2038473  145627174  1684
 06  150.50138881    rs581129  145690019  1685
 06  150.58400228   rs6910793  145842608  1686
 06  150.64627928   rs4896857  146488865  1687
 06  150.75361255     rs56566  146710738  1688
 06  150.80555842    rs362856  146761576  1689
 06  150.85940925   rs9497566  146890976  1690
 06  150.92432382   rs9386161  146982009  1691
 06  151.00560374    rs973572  147022940  1692
 06  151.17617497   rs6911012  147062302  1693
 06  151.23535452    rs259401  147156984  1694
 06  151.29118252   rs9377026  147167286  1695
 06  151.34902973  rs17551120  147275677  1696
 06  151.43407729  rs12665649  147288187  1697
 06  151.48880927   rs9485147  147505132  1698
 06  151.57553262    rs649544  147528226  1699
 06  151.64334958    rs642527  147779839  1700
 06  151.70126405    rs634753  147844986  1701
 06  151.94925647   rs9403860  147901099  1702
 06  152.00156129    rs844569  147954137  1703
 06  152.05158804   rs6935781  147992602  1704
 06  152.12158954   rs9390491  148034747  1705
 06  152.21644309   rs6914269  148066362  1706
 06  152.27185907   rs7755031  148142806  1707
 06  152.44960200   rs3861426  148225792  1708
 06  152.51070098   rs6904457  148316304  1709
 06  152.56130139   rs1404484  148370060  1710
 06  152.67326727   rs7765680  148489577  1711
 06  152.83909090   rs6920454  148549841  1712
 06  152.95799963   rs9390549  148624458  1713
 06  153.03824889   rs6918668  148679804  1714
 06  153.13381088   rs4537167  148732457  1715
 06  153.21373721  rs17635342  148771711  1716
 06  153.33713932   rs9322150  148820373  1717
 06  153.44912648   rs1883625  148834310  1718
 06  153.55711825  rs11751252  148872846  1719
 06  153.68647157      rs8641  148911603  1720
 06  153.77327069    rs208699  148943844  1721
 06  154.01083222   rs1570363  148966491  1722
 06  154.07155943   rs7356870  149079773  1723
 06  154.17298473   rs9498147  149115922  1724
 06  154.29367622   rs9390610  149154879  1725
 06  154.35540313    rs900475  149173045  1726
 06  154.49885353   rs9485337  149244569  1727
 06  154.67556794  rs12192351  149266321  1728
 06  154.76589051  rs11155607  149288095  1729
 06  154.90312124   rs9386240  149320881  1730
 06  154.95484903   rs2500548  149378047  1731
 06  155.01200240   rs7761698  149483938  1732
 06  155.06698852   rs7766009  149555212  1733
 06  155.11989215   rs4897097  149615521  1734
 06  155.22714807    rs610707  149656411  1735
 06  155.28309627   rs2179367  149804230  1736
 06  155.33699400   rs4897127  149849216  1737
 06  155.42491276   rs6925151  150252416  1738
 06  155.52525309   rs9479184  150303054  1739
 06  155.58635763   rs4870174  150345094  1740
 06  155.64818476   rs9383633  150360044  1741
 06  155.70304615    rs789830  150449789  1742
 06  155.76159949   rs7743003  150488835  1743
 06  155.82362236   rs6557340  150519393  1744
 06  155.91115106   rs9397722  150543740  1745
 06  156.04813106    rs926930  150577395  1746
 06  156.12693690  rs12212378  150631164  1747
 06  156.17966208   rs9397821  150649831  1748
 06  156.42010092   rs1890522  150685423  1749
 06  156.47273611    rs688015  150717523  1750
 06  156.52879520    rs671675  150728867  1751
 06  156.66875700    rs652800  150783129  1752
 06  156.73379522   rs7751747  150803621  1753
 06  156.78594747   rs9480467  150861091  1754
 06  156.85101645   rs1492576  150950306  1755
 06  156.91728730   rs6904488  150966310  1756
 06  156.97037371   rs6557548  150994462  1757
 06  157.05618428   rs7738394  151048617  1758
 06  157.10977425   rs4449641  151078143  1759
 06  157.16112924  rs13198996  151108967  1760
 06  157.21832854   rs9383848  151162379  1761
 06  157.35146416    rs712213  151174621  1762
 06  157.40493080   rs6917461  151197034  1763
 06  157.52794544   rs2073063  151240764  1764
 06  157.67076568    rs803420  151261107  1765
 06  157.91001920   rs1474787  151295075  1766
 06  157.96007526    rs803470  151312188  1767
 06  158.10104737    rs505358  151369541  1768
 06  158.18382912   rs6914261  151414076  1769
 06  158.31241880   rs4869988  151474178  1770
 06  158.36652456   rs6924562  151508875  1771
 06  158.50321050   rs1535831  151538033  1772
 06  158.63777780   rs6557123  151605268  1773
 06  158.68988801   rs9383562  151624325  1774
 06  158.79050753   rs2294794  151669255  1775
 06  158.92641727  rs12210237  151681292  1776
 06  159.06767629  rs11155784  151699882  1777
 06  159.12593688   rs6904364  151795966  1778
 06  159.17715957   rs6933202  151893951  1779
 06  159.26526557   rs9397433  151961125  1780
 06  159.31625701   rs7752591  151988761  1781
 06  159.41296322   rs3020333  152051947  1782
 06  159.50125107   rs1285057  152145485  1783
 06  159.58821053  rs17081685  152158348  1784
 06  159.65086214  rs11155819  152241052  1785
 06  159.70573893   rs6912184  152301899  1786
 06  159.79428382   rs9340944  152355411  1787
 06  159.99746283   rs2813544  152467275  1788
 06  160.14799870   rs9397085  152520513  1789
 06  160.33377999   rs2813497  152529523  1790
 06  160.41156525   rs6900213  152563648  1791
 06  160.62097209   rs9397493  152584561  1792
 06  160.67392468   rs1951925  152666392  1793
 06  160.78461309   rs9397095  152682218  1794
 06  160.83610858   rs9478320  152713168  1795
 06  160.92172998   rs9942542  152753995  1796
 06  161.01486391   rs9383626  152917555  1797
 06  161.06495202   rs1028651  152979558  1798
 06  161.11574224    rs680314  153107771  1799
 06  161.29251474    rs612400  153142937  1800
 06  161.39732704  rs13205491  153192872  1801
 06  161.45020439    rs874302  153332581  1802
 06  161.52874323   rs1292829  153393849  1803
 06  161.58538574   rs1281958  153499373  1804
 06  161.64853714  rs12663474  153555263  1805
 06  161.73333268   rs6929221  153601570  1806
 06  161.78569789   rs9397597  153642378  1807
 06  161.92696343   rs2185276  153707953  1808
 06  162.13844016   rs6922464  153748939  1809
 06  162.33210514   rs1221934  153766238  1810
 06  162.39044127    rs270309  153799429  1811
 06  162.44561890   rs1674729  153905756  1812
 06  162.56862885   rs4493751  153958997  1813
 06  162.62218855   rs9479664  153987260  1814
 06  162.75350984   rs1937600  154058890  1815
 06  162.80355945   rs2350402  154197611  1816
 06  162.87142410   rs7745695  154308258  1817
 06  162.93645664    rs660756  154457127  1818
 06  163.18086894   rs9383693  154516563  1819
 06  163.23712736   rs6935927  154602029  1820
 06  163.30372380   rs6930716  154648437  1821
 06  163.37135420   rs2092417  154698212  1822
 06  163.43450693    rs742517  154719415  1823
 06  163.59452260   rs9479825  154740760  1824
 06  163.65673422   rs1933685  154757603  1825
 06  163.71286508   rs7745077  154774766  1826
 06  163.81602534   rs2185112  154807300  1827
 06  163.92961495  rs12194277  154841710  1828
 06  164.09792408   rs6911971  154857583  1829
 06  164.17620025  rs17085526  154918196  1830
 06  164.31117987   rs9371822  155028263  1831
 06  164.43199406   rs4870310  155074779  1832
 06  164.56765891   rs6557385  155276909  1833
 06  164.88788760   rs6934056  155321477  1834
 06  164.95154247   rs7745332  155342738  1835
 06  165.08378800   rs9322494  155360847  1836
 06  165.26968036   rs7746011  155386873  1837
 06  165.35498992   rs7774757  155417681  1838
 06  165.40900466  rs11156008  155424890  1839
 06  165.47351159   rs9397228  155498510  1840
 06  165.52389040   rs6905473  155546652  1841
 06  165.67220770   rs6919431  155559364  1842
 06  165.72842559   rs6557409  155585842  1843
 06  165.79743135   rs1408756  155622716  1844
 06  165.86589915    rs335405  155703512  1845
 06  166.03512361  rs13207865  155784937  1846
 06  166.09295418    rs231957  155796015  1847
 06  166.14599374   rs6919626  155808054  1848
 06  166.20123734   rs7738860  155846973  1849
 06  166.26280284  rs11755068  155952718  1850
 06  166.32161898   rs4407725  156059983  1851
 06  166.56977324   rs4128674  156168680  1852
 06  166.62076291   rs9371930  156199691  1853
 06  166.68352191   rs9371932  156203724  1854
 06  166.73408752   rs9397861  156279496  1855
 06  166.82721913   rs9383788  156332072  1856
 06  166.97642678   rs1349239  156393508  1857
 06  167.05797479   rs2354391  156436700  1858
 06  167.10820824   rs4394225  156500434  1859
 06  167.16318142  rs17187232  156519452  1860
 06  167.22799309   rs6557482  156560823  1861
 06  167.28059739   rs4382278  156623507  1862
 06  167.48521239   rs9480304  156662016  1863
 06  167.53838654   rs7739135  156683121  1864
 06  167.60122147   rs4429960  156756591  1865
 06  167.67107309   rs9371428  156781883  1866
 06  167.80724920   rs2603433  156805767  1867
 06  167.85850741   rs2493701  156884154  1868
 06  167.92957464   rs9480347  156910347  1869
 06  168.00267260   rs1022984  156962756  1870
 06  168.06325657   rs9397956  157013380  1871
 06  168.29414633   rs4870483  157131202  1872
 06  168.35583205  rs11961360  157277723  1873
 06  168.41365849   rs6906983  157303720  1874
 06  168.47749757   rs7770280  157431587  1875
 06  168.56211719   rs3734440  157447453  1876
 06  168.64447750  rs12211307  157472951  1877
 06  168.76820245   rs1007250  157503677  1878
 06  169.42095030    rs602890  157989387  1879
 06  169.47905431    rs675658  158021899  1880
 06  169.53742623   rs9458301  158058604  1881
 06  169.60783745   rs1864500  158104841  1882
 06  169.79831555    rs928008  158115683  1883
 06  169.98083976   rs9458540  158142228  1884
 06  170.03529479   rs1118242  158302062  1885
 06  170.08645090  rs10455934  158332172  1886
 06  170.14285644   rs2295893  158374862  1887
 06  170.19776939   rs1009014  158407131  1888
 06  170.24982021    rs662185  158542379  1889
 06  170.30858309   rs4710078  158569341  1890
 06  170.36318355    rs827977  158724635  1891
 06  170.43777366   rs2083587  158887372  1892
 06  170.48837511   rs9457413  158952658  1893
 06  170.54000508   rs9457437  159038966  1894
 06  170.63403007   rs6933401  159086317  1895
 06  170.69232436   rs7746144  159197314  1896
 06  170.75562035   rs9457509  159237500  1897
 06  170.86740805  rs12662184  159256206  1898
 06  170.91914696   rs1738074  159385965  1899
 06  170.96990571   rs3120629  159434587  1900
 06  171.09163274   rs7765276  159469377  1901
 06  171.15629571   rs2485328  159476345  1902
 06  171.32601705  rs12203580  159547018  1903
 06  171.41083703   rs6455633  159715322  1904
 06  171.54812071   rs6455639  159781276  1905
 06  171.61348445   rs4709326  159786399  1906
 06  171.68062723   rs9355736  159851095  1907
 06  171.81256358  rs10945617  159872422  1908
 06  171.98546797   rs7755526  159918868  1909
 06  172.03837824   rs4709364  160081215  1910
 06  172.16784442   rs6924573  160206178  1911
 06  172.21996914   rs1003737  160350646  1912
 06  172.27132524   rs4709390  160373551  1913
 06  172.33043814    rs920812  160410304  1914
 06  172.38574322    rs622342  160492856  1915
 06  172.49086714   rs2083867  160503038  1916
 06  172.57215804    rs596881  160557229  1917
 06  172.62428034    rs316029  160606658  1918
 06  172.68030913    rs437865  160706332  1919
 06  172.75467396   rs1367211  161002685  1920
 06  172.80685202   rs7767705  161031103  1921
 06  172.92726164   rs9295131  161056284  1922
 06  172.98038155   rs2489944  161212903  1923
 06  173.15690897    rs590884  161298182  1924
 06  173.21032353   rs1562026  161380927  1925
 06  173.26079643  rs10945713  161475830  1926
 06  173.31736366   rs2064721  161529006  1927
 06  173.37487212   rs7738367  161571358  1928
 06  173.42782347   rs3823058  161600834  1929
 06  173.63522627   rs1077281  161627455  1930
 06  173.79786395   rs9347493  161651000  1931
 06  173.88111737   rs9458225  161686381  1932
 06  173.96042761   rs7766508  161713309  1933
 06  174.34090151   rs6455728  161769779  1934
 06  174.47434807  rs11968360  161794438  1935
 06  174.55916828   rs6903203  161808401  1936
 06  174.63627981   rs9456676  161819234  1937
 06  174.68784955    rs480557  161872877  1938
 06  174.74816543   rs6910938  161892176  1939
 06  174.81775439   rs9364605  161926826  1940
 06  174.89763318   rs6455744  161980458  1941
 06  174.95136788   rs9347532  162013931  1942
 06  175.06528919   rs6921226  162048533  1943
 06  175.12774056   rs4708928  162077850  1944
 06  175.25534684   rs7760443  162092708  1945
 06  175.37518126   rs3016538  162156672  1946
 06  175.44385198   rs9347543  162172592  1947
 06  175.56157032  rs12111115  162186366  1948
 06  175.63469718   rs6909000  162218341  1949
 06  175.72514786  rs12111075  162224195  1950
 06  175.93980270   rs9347564  162255457  1951
 06  176.00017138   rs1954916  162367602  1952
 06  176.07638566   rs1893551  162427680  1953
 06  176.21093767    rs713053  162491253  1954
 06  176.36596373  rs10945802  162539267  1955
 06  176.51033966   rs9346906  162562714  1956
 06  176.58155382   rs4392700  162644237  1957
 06  176.63376739  rs10945816  162699141  1958
 06  176.71874113   rs4709612  162795696  1959
 06  176.91577843   rs7740031  162832504  1960
 06  177.03308804   rs6908330  162863051  1961
 06  177.08356983  rs10945861  163093668  1962
 06  177.15586359   rs9346937  163199969  1963
 06  177.20692951   rs1828819  163253575  1964
 06  177.33264842   rs9347707  163281186  1965
 06  177.38730395  rs11964879  163447849  1966
 06  177.43738287    rs498657  163471982  1967
 06  177.50052997   rs2235993  163510246  1968
 06  177.57078842   rs1022611  163542648  1969
 06  177.62385636   rs6916948  163570421  1970
 06  177.76632660   rs1555064  163597017  1971
 06  177.96506964   rs4709696  163642258  1972
 06  178.18780350   rs6903758  163656492  1973
 06  178.24389018   rs4709704  163678931  1974
 06  178.36910733   rs1629251  163712410  1975
 06  178.54791677   rs4709725  163928398  1976
 06  178.61506736   rs6933936  163963815  1977
 06  178.67741472   rs4709737  164004661  1978
 06  178.84925313   rs9458886  164024818  1979
 06  178.92019612  rs12199352  164106305  1980
 06  178.99245841  rs16895510  164239953  1981
 06  179.11537029  rs11755754  164245482  1982
 06  179.16554542   rs1040644  164267616  1983
 06  179.32170324   rs7775629  164281534  1984
 06  179.46143180   rs9456909  164304209  1985
 06  179.51841481   rs7754718  164311752  1986
 06  179.58384750   rs9458967  164362259  1987
 06  179.63723510   rs4709819  164383345  1988
 06  179.71389434   rs4709823  164454572  1989
 06  179.79705961   rs9459002  164475338  1990
 06  180.03545536   rs9459017  164516768  1991
 06  180.18917831   rs9356192  164559951  1992
 06  180.38001664    rs814255  164610962  1993
 06  180.76943120   rs1496118  164703881  1994
 06  180.85863903   rs9356221  164850992  1995
 06  180.95521250   rs7760143  164908123  1996
 06  181.03361106   rs6919146  164979956  1997
 06  181.09248695   rs4709871  164986861  1998
 06  181.16028552    rs968009  165185278  1999
 06  181.25917662    rs996301  165244348  2000
 06  181.31381770  rs11754642  165316451  2001
 06  181.43641198   rs3967133  165371458  2002
 06  181.49085200   rs1322193  165407121  2003
 06  181.62816904   rs9347988  165431910  2004
 06  181.68164353    rs894240  165477540  2005
 06  181.90885276   rs1899358  165511172  2006
 06  181.98191576   rs4709927  165593737  2007
 06  182.03945807    rs533040  165652625  2008
 06  182.13323640  rs11969826  165721084  2009
 06  182.19298779   rs9459417  165757982  2010
 06  182.37339698    rs220821  165769228  2011
 06  182.58226050    rs221724  165807521  2012
 06  182.65070342   rs6906719  165865960  2013
 06  182.70803626   rs6938249  165889215  2014
 06  182.76019260   rs2983505  165931057  2015
 06  182.87091454   rs7762160  165935421  2016
 06  182.93610328   rs9459464  165962695  2017
 06  183.08321357   rs3008054  165989833  2018
 06  183.13702877   rs9347084  166008285  2019
 06  183.24622891   rs1039001  166066344  2020
 06  183.41541401   rs6928719  166117879  2021
 06  183.47654075  rs10455964  166150543  2022
 06  183.64758409   rs7741397  166169058  2023
 06  183.70193893    rs955075  166218602  2024
 06  183.82581537   rs6899687  166296455  2025
 06  183.87924306    rs300148  166351837  2026
 06  183.93145016   rs2166251  166424773  2027
 06  183.98266235   rs2305089  166499260  2028
 06  184.09208549  rs12190692  166543244  2029
 06  184.14480899   rs4709109  166587851  2030
 06  184.26274276   rs6910073  166599064  2031
 06  184.49542761   rs6934656  166626111  2032
 06  184.63494979   rs2343591  166712395  2033
 06  184.69571642   rs9355578  166739764  2034
 06  185.06432022   rs9355580  166773503  2035
 06  185.15286709   rs3817792  166796618  2036
 06  185.20642827    rs734560  166809984  2037
 06  185.27479387  rs12524741  166836302  2038
 06  185.35315195   rs1894660  166839745  2039
 06  185.42010285    rs378373  166848570  2040
 06  185.48386027   rs3823204  166893095  2041
 06  185.53536669   rs3823196  166932196  2042
 06  185.68237311    rs916390  166949125  2043
 06  185.74004827   rs6903559  167001809  2044
 06  185.79610055   rs6456101  167027405  2045
 06  185.89453527    rs760837  167037605  2046
 06  185.94533277   rs3734600  167074992  2047
 06  186.11668063   rs4710089  167081513  2048
 06  186.26017263  rs10946189  167129659  2049
 06  186.42276293   rs2881194  167187909  2050
 06  186.55318495  rs13216122  167241094  2051
 06  186.61708343   rs7755545  167247938  2052
 06  186.69772355  rs13213697  167264573  2053
 06  186.75388345   rs2757048  167271110  2054
 06  186.80647044   rs2149085  167291100  2055
 06  186.88326513   rs3798315  167464699  2056
 06  187.01251292   rs3093000  167474187  2057
 06  187.19517720   rs2180713  167535000  2058
 06  187.25791636   rs4709159  167584908  2059
 06  187.43042534   rs7749014  167655944  2060
 06  187.55769438   rs6934339  167716064  2061
 06  187.60981700   rs4364453  167730703  2062
 06  187.66452229   rs9364939  167742974  2063
 06  188.53660429    rs676740  168044079  2064
 06  188.65098524   rs2843011  168131062  2065
 06  188.70581228  rs11751451  168156242  2066
 06  188.93266697   rs3734900  168200923  2067
 06  188.99023885   rs9455952  168242774  2068
 06  189.04179488  rs12213265  168253928  2069
 06  189.09700741   rs9455576  168274300  2070
 06  189.15070268   rs4708668  168282704  2071
 06  189.32927336  rs12214678  168294914  2072
 06  189.50053619   rs4708445  168323543  2073
 06  189.55696490   rs2291098  168372230  2074
 06  189.61133350   rs9346682  168428382  2075
 06  189.69117751  rs12202943  168443695  2076
 06  189.82919644   rs1551988  168454019  2077
 06  189.88775475   rs4292501  168462773  2078
 06  189.95248429   rs2609299  168551609  2079
 06  190.01874506   rs5016787  168658081  2080
 06  190.10183818   rs9456183  168699652  2081
 06  190.15779843  rs11969025  168709387  2082
 06  190.22105991   rs3734421  168750870  2083
 06  190.28599060    rs911946  168785425  2084
 06  190.34239639    rs677107  168826347  2085
 06  190.39363974   rs9364289  168903475  2086
 06  190.47435455   rs9364309  168985464  2087
 06  190.52735699  rs10806656  169054749  2088
 06  190.60853544   rs4596451  169080596  2089
 06  190.73341691   rs9294943  169129311  2090
 06  190.78379021  rs12193635  169190721  2091
 06  190.98456974   rs9346612  169213003  2092
 06  191.22301314   rs9688959  169303320  2093
 06  191.27590030   rs1132782  169358348  2094
 06  191.33278204   rs9379341  169385610  2095
 06  191.38778465   rs6605524  169398045  2096
 06  191.45038077   rs9717830  169405563  2097
 06  191.62271913   rs9294983  169439025  2098
 06  191.74004266   rs9406330  169459484  2099
 06  191.81342604   rs9283852  169467353  2100
 06  191.86664210   rs7741251  169505179  2101
 06  191.91953656   rs4716360  169640242  2102
 06  191.96977502   rs9478102  169898608  2103
 06  192.02796234   rs6904219  169992047  2104
 06  192.24185798   rs4710807  170175642  2105
 06  192.30154353   rs1532389  170200491  2106
 06  192.38406316  rs10946292  170267446  2107
 06  192.43659738   rs4710758  170296985  2108
 06  192.57742781    rs745285  170380250  2109
 06  192.69758458   rs7763013  170394538  2110
 06  192.74926123   rs7771267  170408165  2111
 06  192.80084596   rs2983222  170414923  2112
 06  192.87021255   rs6909300  170480140  2113
 06  192.95366358  rs10806879  170602082  2114
 06  193.00535465   rs9356658  170663725  2115
