#Chr     Genpos       Marker     Physpos    Nr
 12    0.19162000  rs11063263     191619     1
 12    0.24533000   rs7974784     245335     2
 12    0.30332000   rs2284329     303320     3
 12    0.36127000    rs520739     361265     4
 12    0.41506000  rs12303118     415056     5
 12    0.52648000   rs4980898     526482     6
 12    0.58641000  rs10744648     586407     7
 12    0.64434000   rs2075033     644337     8
 12    0.69526000  rs10774340     695264     9
 12    0.76912000  rs11064121     769122    10
 12    0.82578000   rs9645766     825782    11
 12    0.90973000  rs12314329     909731    12
 12    0.96849000   rs2286006     968489    13
 12    1.02212000   rs7310449    1022115    14
 12    1.07296000   rs6489769    1072965    15
 12    1.14047000  rs12581575    1140471    16
 12    1.20646000  rs11830412    1206461    17
 12    1.35786000  rs12425157    1357860    18
 12    1.41659000  rs16928347    1416592    19
 12    1.49096000   rs1548806    1490960    20
 12    1.54359000   rs7135327    1543590    21
 12    1.59822000  rs10848493    1598223    22
 12    1.65019000  rs10773959    1650188    23
 12    1.72079000   rs4765829    1720794    24
 12    1.79009000  rs10848551    1790089    25
 12    1.85038000  rs10848568    1850384    26
 12    1.90143000     rs13219    1901434    27
 12    1.96276000   rs2286374    1962759    28
 12    2.02001000   rs2470414    2020015    29
 12    2.08393000  rs10848600    2083928    30
 12    2.13549000  rs11062078    2135487    31
 12    2.20254000   rs2238023    2202537    32
 12    2.27405000  rs10848622    2274051    33
 12    2.33210000  rs11062162    2332104    34
 12    2.38401000   rs2238057    2384005    35
 12    2.43478000   rs2283298    2434778    36
 12    2.48931000   rs4765676    2489314    37
 12    2.55082000   rs2239079    2550818    38
 12    2.60539000   rs1015287    2605386    39
 12    2.66075000   rs2239118    2660753    40
 12    2.72253000    rs216009    2722533    41
 12    2.78207000  rs10505724    2782070    42
 12    2.84388000   rs7294534    2843877    43
 12    2.93218000   rs2286601    2932177    44
 12    2.98757000   rs1860434    2987574    45
 12    3.04963000   rs2302282    3049631    46
 12    3.10501000  rs11062447    3105007    47
 12    3.16949000  rs12310617    3169493    48
 12    3.21986000  rs10774117    3219860    49
 12    3.27748000  rs12370932    3277484    50
 12    3.33513000   rs3782814    3335125    51
 12    3.38770000  rs16930370    3387697    52
 12    3.43996000   rs2024168    3439959    53
 12    3.52997000  rs11836893    3529973    54
 12    3.58234000    rs887358    3582335    55
 12    3.64727000  rs10848876    3647268    56
 12    3.70139000   rs3741935    3701390    57
 12    3.75792000    rs758530    3757923    58
 12    3.81615000    rs241995    3816152    59
 12    3.87214000  rs11062804    3872140    60
 12    3.92510000  rs10774174    3925098    61
 12    3.97771000  rs11062884    3977712    62
 12    4.03110000  rs10848958    4031104    63
 12    4.11486000  rs11610946    4114856    64
 12    4.17031000   rs2540139    4170312    65
 12    4.25678000   rs7137733    4256781    66
 12    4.31068000   rs2075146    4310680    67
 12    4.36335000   rs4766227    4363350    68
 12    4.41608000  rs10505729    4416085    69
 12    4.47228000  rs12424411    4472276    70
 12    4.52346000  rs10849061    4523456    71
 12    4.57696000  rs11063172    4576961    72
 12    4.64218000   rs2907494    4642184    73
 12    4.69629000  rs10128984    4696290    74
 12    4.74841000  rs10849112    4748410    75
 12    4.80834000   rs6489561    4808340    76
 12    4.86263000   rs7953399    4862631    77
 12    4.91400000   rs4765787    4914001    78
 12    4.97798000  rs16933918    4977980    79
 12    5.02806000   rs2359473    5028057    80
 12    5.08026000   rs7302045    5080262    81
 12    5.13114000   rs1860421    5131138    82
 12    5.19000000   rs4765803    5190001    83
 12    5.24097000  rs11063524    5240972    84
 12    5.29356000  rs17179617    5293556    85
 12    5.34624000  rs10774304    5346245    86
 12    5.40072000  rs10459132    5400719    87
 12    5.45277000    rs917668    5452773    88
 12    5.50755000  rs12578981    5507548    89
 12    5.55789000  rs10774330    5557893    90
 12    5.61180000  rs10774334    5611799    91
 12    5.67343000  rs10849295    5673427    92
 12    5.73248000   rs2159950    5732481    93
 12    5.78548000   rs2111168    5785484    94
 12    5.84173000   rs1860961    5841733    95
 12    5.90684000  rs11063870    5906841    96
 12    5.96130000  rs11063885    5961301    97
 12    6.02505000  rs17786382    6025054    98
 12    6.08211000    rs917859    6082113    99
 12    6.13622000  rs11063996    6136223   100
 12    6.19310000   rs3819537    6193096   101
 12    6.25955000   rs7978177    6259552   102
 12    6.32282000   rs2268015    6322817   103
 12    6.38036000  rs10774424    6380357   104
 12    6.44911000   rs4149576    6449115   105
 12    6.50213000   rs2364482    6502131   106
 12    6.55228000   rs3136550    6552284   107
 12    6.60242000   rs3180589    6602422   108
 12    6.65405000  rs10849488    6654050   109
 12    6.72775000  rs11064289    6727749   110
 12    6.81883000  rs10849499    6818828   111
 12    6.87786000  rs12313899    6877858   112
 12    6.93430000    rs874627    6934300   113
 12    6.99055000  rs10849531    6990548   114
 12    7.05000000   rs2071076    7049999   115
 12    7.16511000   rs7311672    7165114   116
 12    7.25209000  rs11043785    7252085   117
 12    7.30678000   rs3782922    7306781   118
 12    7.36444000   rs4329748    7364442   119
 12    7.41824000  rs12227437    7418241   120
 12    7.49237000  rs10844153    7492374   121
 12    7.54901000   rs4072797    7549009   122
 12    7.60067000  rs12368910    7600674   123
 12    7.66515000   rs6488394    7665146   124
 12    7.71984000  rs17198726    7719840   125
 12    7.77403000   rs4883421    7774028   126
 12    7.82630000  rs10845677    7826305   127
 12    7.88435000  rs17199006    7884351   128
 12    7.94923000   rs7959924    7949230   129
 12    8.00818000  rs12369506    8008179   130
 12    8.06888000   rs7975829    8068881   131
 12    8.12331000   rs7307261    8123306   132
 12    8.17989000   rs7958000    8179891   133
 12    8.23016000   rs7132147    8230161   134
 12    8.28091000   rs2377422    8280908   135
 12    8.37997000   rs2953218    8379967   136
 12    8.46780000   rs2953201    8467803   137
 12    8.60980000   rs4459385    8609795   138
 12    8.66435000   rs7135960    8664351   139
 12    8.71814000   rs4242897    8718136   140
 12    8.77453000  rs12321209    8774527   141
 12    8.83220000   rs7132012    8832203   142
 12    8.89153000   rs2969097    8891527   143
 12    8.96881000   rs2969085    8968810   144
 12    9.02126000  rs12816475    9021256   145
 12    9.07501000   rs1805740    9075014   146
 12    9.13928000   rs7296295    9139282   147
 12    9.20503000    rs969936    9205030   148
 12    9.26756000    rs226381    9267559   149
 12    9.32090000  rs10743614    9320899   150
 12    9.37133000   rs6487679    9371332   151
 12    9.42256000    rs252026    9422563   152
 12    9.47316000   rs7294479    9473157   153
 12    9.52736000  rs10771610    9527358   154
 12    9.73988000   rs6488031    9739885   155
 12    9.81165000  rs10772001    9811651   156
 12    9.88233000    rs982511    9882328   157
 12    9.93439000  rs12824491    9934391   158
 12    9.99110000   rs4764015    9991096   159
 12   10.04335000    rs500221   10043349   160
 12   10.09484000   rs4764108   10094841   161
 12   10.14624000    rs617956   10146236   162
 12   10.20693000   rs7315231   10206925   163
 12   10.27568000  rs11053608   10275684   164
 12   10.32870000   rs7315498   10328698   165
 12   10.39323000   rs4764341   10393228   166
 12   10.44763000   rs2617128   10447630   167
 12   10.50938000  rs10734827   10509383   168
 12   10.64488000  rs10772294   10644877   169
 12   10.69538000  rs10772312   10695380   170
 12   10.74639000   rs2244387   10746385   171
 12   10.80802000   rs7313620   10808019   172
 12   10.86475000    rs812761   10864754   173
 12   10.92295000  rs10845211   10922948   174
 12   10.99482000   rs3863320   10994816   175
 12   11.04551000  rs10772380   11045512   176
 12   11.12943000   rs4763602   11129433   177
 12   11.18414000  rs10845296   11184140   178
 12   11.43591000   rs7137295   11435912   179
 12   11.55161000  rs12818831   11551608   180
 12   11.60878000   rs2951763   11608776   181
 12   11.66715000   rs7134694   11667151   182
 12   11.74016000  rs10491981   11740163   183
 12   11.79464000   rs7961344   11794636   184
 12   11.85063000   rs2724657   11850632   185
 12   11.90713000   rs2051526   11907128   186
 12   11.96257000   rs7314811   11962573   187
 12   12.01601000   rs2238130   12016008   188
 12   12.09725000   rs6488467   12097249   189
 12   12.14960000   rs7966813   12149596   190
 12   12.20858000   rs2909001   12208578   191
 12   12.25936000  rs11054692   12259356   192
 12   12.30969000  rs11609634   12309687   193
 12   12.36533000  rs17302049   12365325   194
 12   12.42309000   rs7136900   12423093   195
 12   12.48332000   rs3741801   12483318   196
 12   12.54950000    rs888198   12549503   197
 12   12.59995000   rs7980390   12599949   198
 12   12.65544000   rs7972902   12655443   199
 12   12.72130000   rs4237941   12721298   200
 12   12.79687000      rs4555   12796872   201
 12   12.84983000   rs2270451   12849826   202
 12   12.90201000   rs4763870   12902011   203
 12   12.97382000   rs7960210   12973815   204
 12   13.02605000  rs10505770   13026054   205
 12   13.08314000   rs1291352   13083137   206
 12   13.14638000    rs850947   13146382   207
 12   13.19925000   rs1463623   13199248   208
 12   13.27092000  rs10845705   13270924   209
 12   13.32646000  rs12228756   13326456   210
 12   13.37942000   rs4237944   13379416   211
 12   13.43727000  rs12580887   13437268   212
 12   13.49212000   rs1382672   13492116   213
 12   13.55958000   rs7312061   13559576   214
 12   13.61636000   rs1457608   13616362   215
 12   13.67520000  rs12369772   13675196   216
 12   13.73124000  rs10772693   13731244   217
 12   13.79347000  rs10492130   13793474   218
 12   13.84984000  rs10772701   13849836   219
 12   13.91343000  rs11055608   13913426   220
 12   13.96384000   rs2284422   13963844   221
 12   14.01571000  rs11055651   14015706   222
 12   14.06583000   rs7297101   14065831   223
 12   14.11611000  rs12820037   14116114   224
 12   14.16722000  rs10845872   14167216   225
 12   14.22923000   rs1592668   14229229   226
 12   14.28957000   rs7966469   14289567   227
 12   14.34863000  rs10845916   14348635   228
 12   14.40236000  rs17834211   14402358   229
 12   14.46559000  rs10772769   14465589   230
 12   14.57546000   rs7970587   14575459   231
 12   14.65007000   rs7963744   14650072   232
 12   14.70220000  rs16909969   14702204   233
 12   14.77521000   rs2287538   14775214   234
 12   14.84384000   rs2099014   14843835   235
 12   14.90209000   rs1362599   14902093   236
 12   14.95590000  rs17821751   14955901   237
 12   15.06400000  rs11614333   15063995   238
 12   15.11510000   rs2075267   15115101   239
 12   15.16944000  rs12313137   15169444   240
 12   15.22034000    rs987182   15220335   241
 12   15.28384000   rs7310431   15283841   242
 12   15.36966000  rs17835113   15369665   243
 12   15.42894000  rs12317051   15428939   244
 12   15.52798000   rs7975975   15527978   245
 12   15.60481000  rs12426575   15604805   246
 12   15.65902000  rs11056531   15659024   247
 12   15.72025000  rs10846211   15720249   248
 12   15.82161000  rs11056593   15821613   249
 12   15.90198000  rs10505788   15901982   250
 12   15.97327000  rs11056659   15973272   251
 12   16.04083000   rs4424719   16040828   252
 12   16.09416000  rs10846255   16094161   253
 12   16.15660000   rs6488810   16156604   254
 12   16.22204000  rs10846283   16222043   255
 12   16.27491000   rs1671471   16274910   256
 12   16.34030000   rs1798683   16340300   257
 12   16.39606000  rs12820601   16396057   258
 12   16.46150000   rs7979961   16461503   259
 12   16.51492000   rs4149203   16514921   260
 12   16.56880000   rs7314403   16568804   261
 12   16.62869000   rs1541587   16628687   262
 12   16.68149000  rs10082885   16681493   263
 12   16.74322000   rs2058799   16743217   264
 12   16.79591000  rs10846387   16795914   265
 12   16.86909000   rs1488084   16869088   266
 12   16.96328000  rs16912235   16963281   267
 12   17.05742000    rs978561   17057423   268
 12   17.14134000  rs11057121   17141339   269
 12   17.19954000  rs10744144   17199539   270
 12   17.26086000   rs4296083   17260857   271
 12   17.33369000   rs4764318   17333690   272
 12   17.38636000  rs17380877   17386358   273
 12   17.48862000   rs1534407   17488625   274
 12   17.55418000  rs16912747   17554177   275
 12   17.60488000   rs1163917   17604879   276
 12   17.66264000   rs1706630   17662639   277
 12   17.72899000   rs1186300   17728991   278
 12   17.79540000    rs993376   17795398   279
 12   17.84833000  rs10770244   17848331   280
 12   17.94765000  rs10840859   17947648   281
 12   18.04923000  rs10505809   18049226   282
 12   18.10231000   rs7970960   18102310   283
 12   18.19458000  rs10840939   18194578   284
 12   18.26463000  rs16913824   18264627   285
 12   18.31705000  rs11043904   18317052   286
 12   18.37545000  rs10505817   18375450   287
 12   18.44416000   rs4237974   18444163   288
 12   18.52711000   rs4764395   18527112   289
 12   18.58307000   rs7306445   18583072   290
 12   18.63716000   rs1374670   18637162   291
 12   18.73325000  rs12827287   18733250   292
 12   18.78740000    rs508378   18787403   293
 12   18.84111000  rs10505830   18841115   294
 12   18.90249000    rs969489   18902495   295
 12   18.97260000   rs3962579   18972604   296
 12   19.02843000   rs1388093   19028431   297
 12   19.09984000  rs12308333   19099838   298
 12   19.16830000   rs4764446   19168301   299
 12   19.21878000  rs10437759   19218776   300
 12   19.30644000   rs7133858   19306444   301
 12   19.36318000   rs4550272   19363178   302
 12   19.44108000   rs7960486   19441082   303
 12   19.51205000  rs12831681   19512047   304
 12   19.57811000   rs2961365   19578107   305
 12   19.64081000  rs16915524   19640815   306
 12   19.70252000  rs11044668   19702516   307
 12   19.75637000  rs11044710   19756366   308
 12   19.80722000  rs10841298   19807222   309
 12   19.86181000   rs7316327   19861813   310
 12   19.92357000  rs10841343   19923572   311
 12   19.97480000  rs10841372   19974796   312
 12   20.02630000   rs1532210   20026296   313
 12   20.07636000  rs11044944   20076358   314
 12   20.13916000  rs10437774   20139160   315
 12   20.19027000   rs2417821   20190268   316
 12   20.24274000  rs11045030   20242740   317
 12   20.29389000   rs7967371   20293893   318
 12   20.34776000   rs1896610   20347763   319
 12   20.40898000    rs274976   20408976   320
 12   20.47220000  rs10841486   20472202   321
 12   20.52618000   rs1016145   20526181   322
 12   20.57781000  rs12811752   20577805   323
 12   20.62974000  rs11045274   20629739   324
 12   20.69561000   rs4502032   20695607   325
 12   20.74601000  rs12318442   20746007   326
 12   20.80416000   rs6487125   20804160   327
 12   20.85576000  rs10770704   20855761   328
 12   20.94376000  rs12313384   20943761   329
 12   20.99935000    rs975657   20999345   330
 12   21.08638000  rs10841712   21086383   331
 12   21.16224000   rs4762693   21162243   332
 12   21.26910000   rs7976818   21269104   333
 12   21.32824000   rs4149038   21328242   334
 12   21.37963000   rs7966613   21379632   335
 12   21.44488000   rs4149002   21444883   336
 12   21.50196000  rs11837182   21501956   337
 12   21.55569000   rs7967339   21555691   338
 12   21.62550000  rs10841830   21625497   339
 12   21.68182000   rs2306178   21681819   340
 12   21.73425000  rs10841851   21734252   341
 12   21.82520000   rs7133519   21825201   342
 12   21.88972000    rs704169   21889725   343
 12   21.97002000   rs2638441   21970019   344
 12   22.02119000   rs1283798   22021195   345
 12   22.07596000  rs10770871   22075960   346
 12   22.12631000   rs3983516   22126314   347
 12   22.19130000  rs12319232   22191304   348
 12   22.24206000   rs7968922   22242056   349
 12   22.30941000  rs11046324   22309411   350
 12   22.36329000  rs10841979   22363286   351
 12   22.41708000   rs4762899   22417075   352
 12   22.47572000   rs7964012   22475724   353
 12   22.53571000  rs10841999   22535713   354
 12   22.61860000  rs12320963   22618605   355
 12   22.69684000   rs2271471   22696845   356
 12   22.75127000  rs11046483   22751275   357
 12   22.85330000  rs10770917   22853305   358
 12   22.91342000  rs10842064   22913422   359
 12   22.97681000  rs12581238   22976813   360
 12   23.03432000  rs11046675   23034322   361
 12   23.09728000  rs11046696   23097279   362
 12   23.15445000  rs12226934   23154455   363
 12   23.20721000   rs7977446   23207209   364
 12   23.25811000   rs1947577   23258110   365
 12   23.32262000    rs724903   23322620   366
 12   23.38149000  rs17365493   23381488   367
 12   23.54880000   rs2218451   23548797   368
 12   23.63658000  rs10219760   23636579   369
 12   23.69824000  rs11612157   23698236   370
 12   23.75421000  rs10771006   23754209   371
 12   23.81704000  rs10771014   23817039   372
 12   23.87812000  rs12316834   23878124   373
 12   23.93256000   rs9645740   23932555   374
 12   23.98538000  rs12820848   23985379   375
 12   24.04228000  rs10505912   24042275   376
 12   24.10348000  rs10505917   24103479   377
 12   24.16105000   rs1498868   24161050   378
 12   24.21333000   rs1498879   24213327   379
 12   24.27342000  rs10505936   24273423   380
 12   24.33495000  rs10771067   24334950   381
 12   24.38658000   rs7294845   24386579   382
 12   24.43831000    rs505645   24438314   383
 12   24.48851000    rs497919   24488514   384
 12   24.54791000   rs7307101   24547906   385
 12   24.59849000  rs12423617   24598488   386
 12   24.65324000  rs12816098   24653237   387
 12   24.70631000   rs7316568   24706311   388
 12   24.76823000  rs10743506   24768229   389
 12   24.81898000  rs11047560   24818977   390
 12   24.87859000    rs964447   24878591   391
 12   24.93536000  rs11047629   24935362   392
 12   24.99403000   rs6487429   24994032   393
 12   25.04431000  rs10842423   25044308   394
 12   25.09522000   rs4963830   25095219   395
 12   25.15047000    rs699031   25150466   396
 12   25.20435000    rs962656   25204353   397
 12   25.25498000   rs7303889   25254975   398
 12   25.33984000  rs11047880   25339843   399
 12   25.39146000   rs6487464   25391456   400
 12   25.44544000   rs4514517   25445436   401
 12   25.49604000   rs4130755   25496045   402
 12   25.54833000  rs11047994   25548331   403
 12   25.60436000   rs4963896   25604358   404
 12   25.65718000   rs7974815   25657181   405
 12   25.72191000   rs2169989   25721906   406
 12   25.77779000      rs2357   25777788   407
 12   25.84486000   rs4963910   25844865   408
 12   25.91741000  rs12426470   25917408   409
 12   25.97212000  rs16929452   25972117   410
 12   26.03951000  rs12817333   26039506   411
 12   26.09043000  rs10743570   26090433   412
 12   26.14485000  rs16929850   26144849   413
 12   26.19769000   rs2669568   26197687   414
 12   26.25356000  rs10771260   26253557   415
 12   26.31023000   rs1471506   26310234   416
 12   26.36390000   rs2291138   26363903   417
 12   26.42575000   rs1355734   26425752   418
 12   26.48554000  rs10842712   26485544   419
 12   26.53720000  rs12582235   26537202   420
 12   26.58977000  rs16930705   26589770   421
 12   26.64056000   rs4964002   26640557   422
 12   26.69741000  rs10842753   26697411   423
 12   26.75333000  rs10506005   26753331   424
 12   26.80695000   rs2230380   26806955   425
 12   26.88035000   rs1349231   26880352   426
 12   26.93676000   rs7315217   26936764   427
 12   26.99439000  rs11048717   26994391   428
 12   27.06286000  rs17485072   27062859   429
 12   27.11513000  rs16931524   27115133   430
 12   27.16851000  rs10842827   27168513   431
 12   27.25347000   rs4964038   27253466   432
 12   27.30488000    rs841614   27304878   433
 12   27.36090000  rs11048916   27360903   434
 12   27.42537000  rs10771328   27425366   435
 12   27.47655000  rs10842902   27476545   436
 12   27.52922000   rs4964059   27529219   437
 12   27.58883000    rs776195   27588826   438
 12   27.64147000    rs412978   27641473   439
 12   27.69272000    rs306655   27692725   440
 12   27.74351000  rs12099955   27743515   441
 12   27.81038000   rs2113873   27810377   442
 12   27.86434000   rs7310809   27864341   443
 12   27.91445000  rs11049122   27914448   444
 12   27.96500000  rs12578595   27964996   445
 12   28.02520000  rs10843013   28025196   446
 12   28.07560000  rs10771391   28075600   447
 12   28.12625000     rs39635   28126245   448
 12   28.18630000  rs10843072   28186298   449
 12   28.23680000  rs17575653   28236804   450
 12   28.28927000  rs12309972   28289272   451
 12   28.50372000  rs11049548   28503722   452
 12   28.64321000   rs6487684   28643213   453
 12   28.70970000   rs2203088   28709700   454
 12   28.76093000   rs1512565   28760935   455
 12   28.83291000  rs10506041   28832911   456
 12   28.89993000    rs309026   28899934   457
 12   28.95879000  rs11049841   28958789   458
 12   29.01832000  rs12368136   29018318   459
 12   29.08010000   rs7973181   29080104   460
 12   29.14087000  rs12298377   29140871   461
 12   29.21061000   rs4931140   29210612   462
 12   29.27249000   rs7301103   29272487   463
 12   29.33291000  rs10843339   29332909   464
 12   29.41268000   rs6487792   29412676   465
 12   29.48956000   rs9989017   29489564   466
 12   29.54936000   rs4931181   29549358   467
 12   29.61243000   rs7953181   29612425   468
 12   29.66766000    rs299438   29667659   469
 12   29.72462000   rs2288228   29724617   470
 12   29.77803000   rs7955592   29778035   471
 12   29.82806000   rs2033036   29828064   472
 12   29.87930000     rs61800   29879301   473
 12   29.94992000    rs302358   29949915   474
 12   30.01510000  rs12817638   30015100   475
 12   30.07233000  rs10843560   30072326   476
 12   30.13050000   rs2647384   30130505   477
 12   30.19486000   rs4931244   30194855   478
 12   30.25042000  rs11050655   30250422   479
 12   30.30051000   rs2351212   30300509   480
 12   30.35788000  rs10450691   30357877   481
 12   30.42207000   rs1835250   30422066   482
 12   30.47494000   rs4032080   30474937   483
 12   30.55052000  rs10843737   30550521   484
 12   30.60091000   rs6487912   30600908   485
 12   30.65593000  rs11050930   30655935   486
 12   30.70635000  rs16906532   30706350   487
 12   30.77213000   rs7974251   30772129   488
 12   30.82634000   rs6487927   30826335   489
 12   30.88643000  rs11613738   30886435   490
 12   30.93892000   rs1485354   30938922   491
 12   30.98907000     rs33162   30989067   492
 12   31.05019000  rs10843853   31050186   493
 12   31.10665000   rs2075364   31106650   494
 12   31.16074000  rs10843873   31160741   495
 12   31.22571000   rs7297135   31225710   496
 12   31.29242000  rs10843891   31292420   497
 12   31.36863000   rs2118007   31368631   498
 12   31.45016000  rs12228083   31450157   499
 12   31.50299000  rs10843928   31502991   500
 12   31.57223000   rs7313889   31572227   501
 12   31.62758000   rs1012154   31627584   502
 12   31.69108000   rs2126897   31691079   503
 12   31.77873000  rs10771858   31778727   504
 12   31.83391000   rs7980264   31833913   505
 12   31.89501000   rs1032080   31895011   506
 12   31.95124000   rs4015418   31951237   507
 12   32.01247000   rs1259708   32012466   508
 12   32.07603000   rs4641563   32076034   509
 12   32.12822000   rs1965193   32128219   510
 12   32.18728000  rs10844098   32187284   511
 12   32.23743000   rs7311255   32237426   512
 12   32.28791000   rs2630601   32287913   513
 12   32.33812000  rs17528171   32338115   514
 12   32.39067000   rs2650133   32390674   515
 12   32.44666000  rs10844169   32446657   516
 12   32.50354000   rs7484762   32503542   517
 12   32.55969000   rs2651364   32559693   518
 12   32.62949000   rs4931631   32629495   519
 12   32.68024000   rs7966856   32680236   520
 12   32.73298000   rs7977053   32732983   521
 12   32.79542000   rs1239829   32795421   522
 12   32.85437000  rs10844308   32854366   523
 12   32.91093000   rs3809232   32910931   524
 12   32.96240000  rs10844366   32962395   525
 12   33.02193000   rs1046116   33021934   526
 12   33.07252000   rs7958471   33072518   527
 12   33.13084000   rs2133676   33130836   528
 12   33.18459000  rs11052394   33184590   529
 12   33.24418000   rs1008012   33244179   530
 12   33.31576000  rs10506105   33315760   531
 12   33.39905000   rs4244864   33399053   532
 12   33.45877000  rs13377955   33458768   533
 12   33.51214000   rs4334118   33512136   534
 12   33.57446000  rs10844592   33574462   535
 12   33.68140000    rs767840   33681398   536
 12   33.73489000  rs10844643   33734888   537
 12   33.78883000   rs7312504   33788835   538
 12   33.84358000  rs10772111   33843575   539
 12   33.90207000   rs7959960   33902068   540
 12   34.03003000   rs4384452   34030026   541
 12   34.18101000  rs11053063   34181011   542
 12   34.28558000  rs11614489   34285581   543
 12   34.37583000  rs10844842   34375830   544
 12   34.46003000  rs11053208   34460029   545
 12   34.72190000   rs9705402   34721899   546
 12   38.09434000   rs2204849   38094338   547
 12   38.41614000   rs1589390   38416139   548
 12   38.47292000  rs17096085   38472919   549
 12   38.52849000  rs17126521   38528487   550
 12   38.61467000   rs9668847   38614669   551
 12   38.67620000  rs10785586   38676197   552
 12   38.73309000  rs17122705   38733094   553
 12   38.80175000   rs7485262   38801746   554
 12   38.85326000  rs10881109   38853257   555
 12   38.92223000  rs10783228   38922227   556
 12   38.98785000   rs2730911   38987850   557
 12   39.08316000   rs1684395   39083161   558
 12   39.13869000   rs1486352   39138687   559
 12   39.22279000  rs17523988   39222785   560
 12   39.30286000   rs2388061   39302862   561
 12   39.37342000   rs7294600   39373416   562
 12   39.43398000  rs11170489   39433977   563
 12   39.48754000   rs7136587   39487541   564
 12   39.53970000   rs7302680   39539695   565
 12   39.59345000   rs7316743   39593450   566
 12   39.64708000  rs12423851   39647079   567
 12   39.77670000  rs12831835   39776702   568
 12   39.84896000   rs4628717   39848960   569
 12   39.93735000  rs12230055   39937351   570
 12   39.99467000  rs10877173   39994674   571
 12   40.04675000  rs11173013   40046749   572
 12   40.11825000   rs4388963   40118249   573
 12   40.18261000   rs4427625   40182606   574
 12   40.23637000  rs11173862   40236374   575
 12   40.31149000  rs11174281   40311493   576
 12   40.36228000  rs10877867   40362276   577
 12   40.41370000   rs2242367   40413698   578
 12   40.46451000  rs11175027   40464509   579
 12   40.52739000   rs1031996   40527395   580
 12   40.57772000   rs2404577   40577719   581
 12   40.63210000  rs10878247   40632100   582
 12   40.69748000  rs10878341   40697477   583
 12   40.76736000  rs10467147   40767362   584
 12   40.82867000  rs10878575   40828665   585
 12   40.89317000   rs1352940   40893165   586
 12   40.94333000   rs1463738   40943329   587
 12   40.99596000   rs1918942   40995961   588
 12   41.04636000   rs1918954   41046358   589
 12   41.09739000   rs2405295   41097386   590
 12   41.15360000   rs1596536   41153602   591
 12   41.22239000  rs10879259   41222390   592
 12   41.27727000  rs11178884   41277268   593
 12   41.34588000  rs11179168   41345882   594
 12   41.40278000   rs7308370   41402777   595
 12   41.46368000  rs12297122   41463680   596
 12   41.53187000   rs9645832   41531873   597
 12   41.60668000   rs4768335   41606680   598
 12   41.66682000    rs764095   41666822   599
 12   41.71704000   rs7973410   41717036   600
 12   41.79547000  rs11180888   41795469   601
 12   41.85148000   rs2125287   41851480   602
 12   41.90327000  rs12423463   41903274   603
 12   41.95343000    rs286991   41953426   604
 12   42.01317000    rs287044   42013167   605
 12   42.09719000  rs12812871   42097187   606
 12   42.15635000   rs6582362   42156353   607
 12   42.22066000  rs11181174   42220665   608
 12   42.28178000   rs1391003   42281777   609
 12   42.33461000   rs1234021   42334615   610
 12   42.41134000  rs10880222   42411344   611
 12   42.47589000      rs3229   42475888   612
 12   42.55015000  rs17592014   42550147   613
 12   42.64123000  rs12297206   42641233   614
 12   42.71255000  rs10880285   42712550   615
 12   42.79361000   rs1796379   42793611   616
 12   42.85335000   rs1043656   42853350   617
 12   42.91213000   rs1669883   42912131   618
 12   42.96312000  rs11181563   42963124   619
 12   43.01401000  rs10880328   43014009   620
 12   43.06466000  rs12322187   43064657   621
 12   43.13121000  rs10506217   43131208   622
 12   43.19872000   rs2468330   43198722   623
 12   43.26166000   rs7302866   43261661   624
 12   43.31792000  rs17505569   43317920   625
 12   43.37724000   rs1520833   43377239   626
 12   43.42885000  rs10880415   43428855   627
 12   43.49090000   rs1629029   43490897   628
 12   43.54760000  rs12578717   43547599   629
 12   43.59777000   rs7301488   43597767   630
 12   43.65352000  rs17093010   43653519   631
 12   43.70386000  rs10785426   43703858   632
 12   43.75505000  rs10880471   43755048   633
 12   43.80968000  rs11182055   43809683   634
 12   43.86377000  rs11182091   43863773   635
 12   43.93534000  rs17093450   43935345   636
 12   43.99399000    rs441328   43993985   637
 12   44.06402000    rs277217   44064020   638
 12   44.12380000  rs11182235   44123795   639
 12   44.17477000   rs4251580   44174766   640
 12   44.22887000   rs4768048   44228872   641
 12   44.31760000  rs11182332   44317599   642
 12   44.36884000   rs7297277   44368839   643
 12   44.42769000  rs10880618   44427686   644
 12   44.48706000  rs17094062   44487061   645
 12   44.53922000  rs17094156   44539221   646
 12   44.66168000  rs11182449   44661675   647
 12   44.72087000   rs7957859   44720874   648
 12   44.79162000   rs1493758   44791617   649
 12   44.88663000  rs17094695   44886633   650
 12   44.94196000   rs1037435   44941956   651
 12   44.99273000  rs10785513   44992730   652
 12   45.09367000  rs10506255   45093674   653
 12   45.15993000   rs2408050   45159930   654
 12   45.22775000   rs3847982   45227746   655
 12   45.29047000  rs12367572   45290466   656
 12   45.38385000   rs7135709   45383849   657
 12   45.45950000   rs1160314   45459503   658
 12   45.51942000   rs4768081   45519421   659
 12   45.61103000   rs3782131   45611034   660
 12   45.71023000   rs7965430   45710230   661
 12   45.76111000  rs12578638   45761107   662
 12   45.85002000   rs4768617   45850022   663
 12   45.91286000  rs10880807   45912862   664
 12   45.97592000   rs2544099   45975915   665
 12   46.03988000   rs4768654   46039883   666
 12   46.10112000   rs2216470   46101115   667
 12   46.20040000   rs7316454   46200396   668
 12   46.30629000  rs11183234   46306289   669
 12   46.43621000  rs11183300   46436207   670
 12   46.51613000  rs10880923   46516129   671
 12   46.56945000   rs7958854   46569447   672
 12   46.62861000   rs7967629   46628607   673
 12   46.72777000   rs1471223   46727770   674
 12   46.78474000   rs4768118   46784744   675
 12   46.84342000   rs6582656   46843416   676
 12   46.92983000   rs4768733   46929835   677
 12   47.06244000    rs235626   47062441   678
 12   47.11342000   rs7137051   47113425   679
 12   47.16784000  rs11183609   47167837   680
 12   47.22097000   rs4262792   47220968   681
 12   47.27573000   rs7960695   47275725   682
 12   47.34479000   rs7975211   47344791   683
 12   47.40891000   rs2522268   47408906   684
 12   47.46406000  rs12299449   47464064   685
 12   47.52174000  rs17097622   47521738   686
 12   47.57756000   rs9888310   47577560   687
 12   47.63123000   rs2140842   47631229   688
 12   47.70784000    rs214656   47707836   689
 12   47.76121000     rs58616   47761212   690
 12   47.81227000  rs17224336   47812267   691
 12   47.87066000  rs11168109   47870663   692
 12   47.92302000   rs7307902   47923016   693
 12   47.98131000   rs2022528   47981313   694
 12   48.03987000   rs1153978   48039874   695
 12   48.09012000  rs12368459   48090118   696
 12   48.14597000  rs11168224   48145969   697
 12   48.20837000  rs11168249   48208368   698
 12   48.26383000   rs2189480   48263828   699
 12   48.31783000   rs7311030   48317832   700
 12   48.37159000   rs1793949   48371595   701
 12   48.44449000   rs7299704   48444488   702
 12   48.50210000    rs725454   48502100   703
 12   48.55426000   rs4760687   48554258   704
 12   48.62465000  rs10875778   48624655   705
 12   48.69036000   rs2258342   48690363   706
 12   48.74420000   rs2732439   48744199   707
 12   48.80893000   rs4519134   48808927   708
 12   48.86002000  rs11830262   48860018   709
 12   48.91122000  rs11615184   48911217   710
 12   49.01081000   rs6580685   49010809   711
 12   49.06151000  rs17238800   49061511   712
 12   49.14943000    rs953672   49149425   713
 12   49.20442000   rs1532365   49204421   714
 12   49.25679000   rs3782360   49256792   715
 12   49.36439000    rs833843   49364391   716
 12   49.41694000  rs10875912   49416944   717
 12   49.51202000   rs7969967   49512017   718
 12   49.61804000  rs11834543   49618043   719
 12   49.69157000   rs2236746   49691567   720
 12   49.76387000   rs6580707   49763868   721
 12   49.87096000  rs11169042   49870964   722
 12   50.03829000   rs4073998   50038292   723
 12   50.19065000   rs3741555   50190653   724
 12   50.25953000   rs2271688   50259529   725
 12   50.31644000    rs184172   50316439   726
 12   50.38602000    rs296737   50386015   727
 12   50.47338000   rs7305558   50473377   728
 12   50.58984000   rs7300549   50589836   729
 12   50.64547000   rs7302422   50645471   730
 12   50.74701000  rs10876024   50747005   731
 12   50.95943000  rs11169493   50959426   732
 12   51.04144000   rs2684906   51041443   733
 12   51.15566000  rs11169552   51155663   734
 12   51.20770000    rs829112   51207704   735
 12   51.25920000  rs12831858   51259197   736
 12   51.33235000  rs12812727   51332347   737
 12   51.44566000   rs4768959   51445661   738
 12   51.51126000  rs12810700   51511264   739
 12   51.56851000   rs6580799   51568505   740
 12   51.62191000  rs10783424   51621910   741
 12   51.67450000   rs4761981   51674501   742
 12   51.74487000   rs3858624   51744867   743
 12   51.80266000  rs12369067   51802656   744
 12   51.89588000  rs10876188   51895882   745
 12   51.96642000  rs10783460   51966424   746
 12   52.04952000   rs1871998   52049521   747
 12   52.10803000   rs3900362   52108030   748
 12   52.17333000  rs17126078   52173327   749
 12   52.25127000   rs7976059   52251272   750
 12   52.30182000   rs3782479   52301818   751
 12   52.36279000  rs10783486   52362786   752
 12   52.41410000   rs1283168   52414095   753
 12   52.46605000   rs7964071   52466050   754
 12   52.52134000  rs12318660   52521344   755
 12   52.57478000   rs4762060   52574780   756
 12   52.63087000   rs7295280   52630866   757
 12   52.69563000   rs1894033   52695630   758
 12   52.74790000   rs2105789   52747898   759
 12   52.80130000    rs928994   52801296   760
 12   52.86762000   rs4761901   52867625   761
 12   52.92287000    rs585224   52922872   762
 12   52.98168000   rs7310156   52981676   763
 12   53.04427000    rs638043   53044267   764
 12   53.09494000   rs1877549   53094939   765
 12   53.15055000  rs10876336   53150550   766
 12   53.20058000   rs2035879   53200584   767
 12   53.26415000   rs2638524   53264152   768
 12   53.31473000   rs2682338   53314733   769
 12   53.39396000   rs7306523   53393964   770
 12   53.44973000   rs2364153   53449735   771
 12   53.54799000  rs11170448   53547987   772
 12   53.63747000   rs7314769   53637466   773
 12   53.81724000   rs2002555   53817237   774
 12   53.91296000  rs17100094   53912961   775
 12   53.99508000   rs1485395   53995077   776
 12   54.06980000    rs916134   54069803   777
 12   54.15928000   rs7969151   54159277   778
 12   54.23596000  rs10876505   54235961   779
 12   54.31772000   rs7297554   54317719   780
 12   54.38439000   rs7302703   54384387   781
 12   54.43491000   rs4759062   54434908   782
 12   54.52507000  rs10506327   54525073   783
 12   54.58106000   rs2279402   54581064   784
 12   54.65326000   rs4759073   54653258   785
 12   54.72303000   rs6580981   54723028   786
 12   54.77438000   rs2706254   54774379   787
 12   54.85120000  rs12303590   54851199   788
 12   54.92057000  rs12369172   54920566   789
 12   54.97447000   rs1143960   54974471   790
 12   55.04281000  rs11171001   55042807   791
 12   55.10704000   rs1250437   55107035   792
 12   55.15954000   rs7955885   55159539   793
 12   55.23382000   rs7299872   55233823   794
 12   55.30912000  rs11171161   55309116   795
 12   55.38199000   rs3851604   55381991   796
 12   55.50747000   rs7302796   55507465   797
 12   55.64207000  rs12318251   55642071   798
 12   55.71403000  rs10783720   55714027   799
 12   55.79309000   rs6581042   55793092   800
 12   55.84472000   rs7966770   55844717   801
 12   55.92027000  rs10876808   55920273   802
 12   55.97408000  rs12366432   55974078   803
 12   56.02519000   rs2550670   56025191   804
 12   56.08955000   rs2293411   56089554   805
 12   56.27750000    rs772475   56277498   806
 12   56.37930000  rs17118206   56379298   807
 12   56.49531000    rs812826   56495306   808
 12   56.63007000  rs17118403   56630067   809
 12   56.70415000  rs10783780   56704152   810
 12   56.82909000   rs7302060   56829092   811
 12   56.92412000    rs813497   56924116   812
 12   56.98834000      rs9368   56988342   813
 12   57.17618000  rs10876920   57176175   814
 12   57.24960000   rs4237805   57249600   815
 12   57.30280000   rs1846398   57302799   816
 12   57.39412000   rs3803018   57394123   817
 12   57.44981000   rs1044931   57449810   818
 12   57.50218000    rs324011   57502182   819
 12   57.61601000  rs10783815   57616013   820
 12   57.67618000   rs7302906   57676178   821
 12   57.85693000   rs3782126   57856933   822
 12   57.95831000    rs775322   57958313   823
 12   58.02398000    rs715930   58023981   824
 12   58.07652000  rs11172300   58076515   825
 12   58.16779000  rs10877015   58167788   826
 12   58.24254000   rs1599750   58242545   827
 12   58.29925000   rs7954957   58299250   828
 12   58.35955000   rs4760176   58359547   829
 12   58.42387000   rs2659665   58423872   830
 12   58.51981000   rs1848125   58519811   831
 12   58.57553000  rs10783884   58575527   832
 12   58.63702000  rs12825103   58637020   833
 12   58.69882000   rs1908328   58698823   834
 12   58.75068000   rs1795708   58750680   835
 12   58.80179000   rs3847705   58801789   836
 12   58.85443000   rs7313684   58854426   837
 12   58.94243000   rs2354997   58942426   838
 12   59.00159000  rs10783915   59001589   839
 12   59.05533000  rs10877158   59055325   840
 12   59.12188000   rs7299020   59121881   841
 12   59.19084000   rs1456152   59190838   842
 12   59.26356000  rs10877179   59263559   843
 12   59.31688000   rs7136193   59316881   844
 12   59.39671000  rs12367024   59396712   845
 12   59.46661000   rs2218412   59466605   846
 12   59.52948000  rs10877206   59529479   847
 12   59.58525000  rs10877236   59585251   848
 12   59.64754000   rs1580828   59647541   849
 12   59.72328000  rs12824908   59723277   850
 12   59.78223000  rs10783962   59782228   851
 12   59.85042000    rs276001   59850416   852
 12   59.90067000  rs11173060   59900670   853
 12   59.95688000   rs4760288   59956876   854
 12   60.02895000  rs10877323   60028954   855
 12   60.09354000  rs11173115   60093536   856
 12   60.18784000  rs11173153   60187843   857
 12   60.24374000   rs4387384   60243736   858
 12   60.30721000  rs11173235   60307207   859
 12   60.41024000  rs11173282   60410235   860
 12   60.47003000   rs1105925   60470033   861
 12   60.58097000   rs1493318   60580972   862
 12   60.70828000   rs1021885   60708275   863
 12   60.79798000   rs2655880   60797981   864
 12   60.84896000  rs12425300   60848962   865
 12   60.89987000   rs7300263   60899873   866
 12   60.95549000  rs12309140   60955488   867
 12   61.02822000   rs7970175   61028217   868
 12   61.07849000    rs273791   61078495   869
 12   61.17777000   rs1498459   61177775   870
 12   61.30087000   rs1480177   61300873   871
 12   61.37077000   rs2620868   61370770   872
 12   61.42607000  rs11173721   61426071   873
 12   61.56380000   rs1354798   61563799   874
 12   61.67216000   rs7963956   61672165   875
 12   61.74462000  rs17124819   61744621   876
 12   61.80223000   rs1516031   61802226   877
 12   61.87199000   rs7973414   61871986   878
 12   61.95851000  rs10747935   61958515   879
 12   62.02703000   rs1506858   62027035   880
 12   62.11282000   rs7489171   62112821   881
 12   62.23622000   rs2198775   62236225   882
 12   62.29063000   rs2168455   62290629   883
 12   62.34626000   rs2710789   62346264   884
 12   62.39663000   rs1583845   62396631   885
 12   62.45571000    rs348660   62455711   886
 12   62.51656000   rs1146086   62516560   887
 12   62.56750000   rs7973394   62567495   888
 12   62.63516000  rs11174390   62635157   889
 12   62.70197000  rs12826072   62701966   890
 12   62.78397000  rs11174456   62783967   891
 12   62.85155000  rs10506442   62851547   892
 12   62.91643000   rs7953380   62916430   893
 12   62.96970000  rs12308140   62969704   894
 12   63.02074000  rs10877894   63020745   895
 12   63.07818000  rs11174601   63078183   896
 12   63.13330000  rs11174629   63133301   897
 12   63.19122000   rs2641553   63191219   898
 12   63.25219000    rs337514   63252191   899
 12   63.30402000   rs7962536   63304021   900
 12   63.35822000   rs7310834   63358218   901
 12   63.41232000    rs869518   63412321   902
 12   63.47755000   rs1495029   63477554   903
 12   63.53519000    rs962862   63535191   904
 12   63.59838000   rs2030106   63598384   905
 12   63.64966000  rs10784348   63649659   906
 12   63.71125000  rs12830154   63711247   907
 12   63.77795000    rs722919   63777954   908
 12   63.83288000   rs1716226   63832875   909
 12   63.88858000  rs11175001   63888576   910
 12   63.98299000  rs11175055   63982989   911
 12   64.08835000   rs4107159   64088345   912
 12   64.15135000   rs7312734   64151350   913
 12   64.20168000   rs7967092   64201678   914
 12   64.25657000  rs12228199   64256568   915
 12   64.34110000  rs10878096   64341105   916
 12   64.44426000    rs717001   64444256   917
 12   64.51981000    rs789722   64519806   918
 12   64.58622000    rs789749   64586221   919
 12   64.64471000  rs10878126   64644711   920
 12   64.71177000   rs7133188   64711766   921
 12   64.76219000  rs10878165   64762194   922
 12   64.82124000  rs12316829   64821240   923
 12   64.91520000   rs1317533   64915197   924
 12   64.97115000   rs1628543   64971147   925
 12   65.02612000   rs1147105   65026115   926
 12   65.07991000   rs7303641   65079910   927
 12   65.14668000   rs1147095   65146676   928
 12   65.23270000   rs3741740   65232699   929
 12   65.28596000  rs11615626   65285959   930
 12   65.34007000   rs7300655   65340071   931
 12   65.39172000  rs11175617   65391720   932
 12   65.45194000    rs959176   65451940   933
 12   65.50497000  rs17101043   65504970   934
 12   65.57899000  rs10878239   65578987   935
 12   65.65205000   rs1566318   65652045   936
 12   65.71138000   rs6581626   65711378   937
 12   65.81017000   rs1494505   65810174   938
 12   65.86792000   rs4762099   65867925   939
 12   65.93372000   rs1389800   65933723   940
 12   65.99523000  rs12309954   65995226   941
 12   66.04902000  rs12318212   66049019   942
 12   66.09973000   rs7298592   66099730   943
 12   66.15099000    rs898424   66150993   944
 12   66.21232000   rs2261181   66212318   945
 12   66.28487000  rs17101853   66284873   946
 12   66.34287000  rs11175978   66342868   947
 12   66.39893000    rs899844   66398933   948
 12   66.45449000  rs10128877   66454490   949
 12   66.50663000   rs1921083   66506631   950
 12   66.57526000  rs11176078   66575257   951
 12   66.63630000   rs1152918   66636302   952
 12   66.69625000   rs3741605   66696255   953
 12   66.82028000   rs3922802   66820277   954
 12   66.87631000   rs4913310   66876311   955
 12   66.93508000    rs903088   66935080   956
 12   66.99148000  rs12228012   66991477   957
 12   67.04232000   rs6581710   67042317   958
 12   67.09779000   rs1480008   67097789   959
 12   67.15512000  rs11176414   67155119   960
 12   67.21512000   rs1351329   67215122   961
 12   67.27379000  rs12827976   67273785   962
 12   67.32807000    rs962415   67328072   963
 12   67.38381000   rs7132504   67383808   964
 12   67.43445000   rs1918136   67434448   965
 12   67.49389000  rs12231102   67493890   966
 12   67.55678000  rs12317689   67556780   967
 12   67.61772000  rs10878587   67617718   968
 12   67.69682000    rs800166   67696822   969
 12   67.75608000  rs10878601   67756077   970
 12   67.82273000   rs1161178   67822732   971
 12   67.88004000  rs12309810   67880042   972
 12   67.98887000   rs2700138   67988866   973
 12   68.07585000   rs4913355   68075851   974
 12   68.14237000   rs4913359   68142369   975
 12   68.19532000  rs10878663   68195319   976
 12   68.26442000  rs10748088   68264416   977
 12   68.33324000   rs3850593   68333238   978
 12   68.39038000   rs1468487   68390382   979
 12   68.46164000   rs2041861   68461640   980
 12   68.52075000   rs1118866   68520751   981
 12   68.57117000  rs12312186   68571170   982
 12   68.62296000   rs7310731   68622955   983
 12   68.67720000   rs7139210   68677198   984
 12   68.73021000  rs12309517   68730207   985
 12   68.78790000    rs686283   68787898   986
 12   68.85092000   rs2216437   68850924   987
 12   68.92543000  rs11177275   68925433   988
 12   69.04005000   rs2920022   69040055   989
 12   69.10891000   rs2701095   69108909   990
 12   69.16385000  rs11177361   69163852   991
 12   69.25055000   rs3741598   69250548   992
 12   69.30733000   rs1144959   69307331   993
 12   69.36003000   rs7980673   69360029   994
 12   69.42450000  rs10748118   69424500   995
 12   69.48007000   rs4913487   69480075   996
 12   69.54352000  rs11177523   69543520   997
 12   69.59359000   rs7962703   69593595   998
 12   69.65315000   rs2231700   69653146   999
 12   69.71546000    rs317685   69715457  1000
 12   69.79965000  rs11177651   69799648  1001
 12   69.85137000   rs7979636   69851374  1002
 12   69.95820000    rs516391   69958202  1003
 12   70.02141000    rs776414   70021405  1004
 12   70.07449000    rs775484   70074492  1005
 12   70.14837000  rs11177829   70148373  1006
 12   70.21416000   rs1057617   70214160  1007
 12   70.26869000   rs9805129   70268693  1008
 12   70.32770000    rs789563   70327705  1009
 12   70.38135000   rs1689467   70381355  1010
 12   70.43501000   rs3125804   70435007  1011
 12   70.49860000   rs1437810   70498603  1012
 12   70.56170000   rs2870883   70561697  1013
 12   70.61223000   rs6581928   70612235  1014
 12   70.68606000   rs7968203   70686063  1015
 12   70.74161000  rs17108038   70741608  1016
 12   70.79278000  rs12582436   70792777  1017
 12   70.84315000  rs12812369   70843149  1018
 12   70.90255000    rs655502   70902549  1019
 12   70.95328000   rs2303963   70953277  1020
 12   71.01252000   rs2583999   71012518  1021
 12   71.07438000   rs7298378   71074384  1022
 12   71.13552000   rs1398599   71135522  1023
 12   71.18645000   rs4760810   71186455  1024
 12   71.23661000  rs10784870   71236610  1025
 12   71.28787000   rs4760847   71287866  1026
 12   71.34227000  rs11178499   71342270  1027
 12   71.39254000   rs1913199   71392536  1028
 12   71.45626000   rs9325191   71456259  1029
 12   71.50756000   rs1353360   71507561  1030
 12   71.56696000   rs1510937   71566956  1031
 12   71.61879000   rs1397560   71618791  1032
 12   71.67315000   rs6582000   71673148  1033
 12   71.73674000   rs6582010   71736740  1034
 12   71.82269000   rs7956954   71822686  1035
 12   71.89882000  rs10506635   71898821  1036
 12   72.01505000   rs2700169   72015050  1037
 12   72.08027000   rs2304269   72080272  1038
 12   72.13061000  rs11178921   72130612  1039
 12   72.18604000    rs328751   72186045  1040
 12   72.23617000    rs328767   72236167  1041
 12   72.29060000   rs3815869   72290600  1042
 12   72.34462000   rs1386488   72344618  1043
 12   72.40506000   rs1487276   72405059  1044
 12   72.47000000    rs593949   72470001  1045
 12   72.60205000  rs17110927   72602045  1046
 12   72.66293000   rs4760826   72662926  1047
 12   72.73417000   rs7970417   72734174  1048
 12   72.79112000   rs7301453   72791120  1049
 12   72.84366000   rs1616143   72843658  1050
 12   72.89392000   rs6582090   72893918  1051
 12   72.96224000   rs2293653   72962239  1052
 12   73.07603000   rs1433251   73076031  1053
 12   73.13081000  rs12322681   73130815  1054
 12   73.19729000   rs7298274   73197288  1055
 12   73.25911000  rs10879513   73259114  1056
 12   73.34459000  rs10784998   73344587  1057
 12   73.41222000   rs2885280   73412222  1058
 12   73.47639000  rs11179538   73476395  1059
 12   73.52692000   rs7138791   73526915  1060
 12   73.60113000  rs11615274   73601132  1061
 12   73.67456000   rs1400061   73674558  1062
 12   73.81858000  rs10785031   73818580  1063
 12   73.91568000   rs1822506   73915681  1064
 12   73.97756000    rs764065   73977563  1065
 12   74.03452000   rs2730512   74034517  1066
 12   74.08781000   rs7964120   74087808  1067
 12   74.17656000  rs11179799   74176565  1068
 12   74.28714000   rs6421244   74287141  1069
 12   74.33937000   rs7311068   74339372  1070
 12   74.40298000  rs11179874   74402980  1071
 12   74.50553000  rs11179922   74505531  1072
 12   74.57606000  rs12426157   74576059  1073
 12   74.66674000   rs7971189   74666737  1074
 12   74.73191000   rs2365724   74731914  1075
 12   74.79931000  rs10879766   74799307  1076
 12   74.85475000   rs1461055   74854750  1077
 12   74.90728000  rs11180093   74907284  1078
 12   74.95884000   rs2641479   74958839  1079
 12   75.01635000    rs748378   75016345  1080
 12   75.08290000   rs7980012   75082897  1081
 12   75.15503000   rs1508283   75155034  1082
 12   75.20510000   rs4427626   75205104  1083
 12   75.25927000  rs10879852   75259268  1084
 12   75.31551000  rs11180282   75315512  1085
 12   75.37837000   rs1526819   75378368  1086
 12   75.44329000  rs10785169   75443288  1087
 12   75.51343000  rs11180373   75513429  1088
 12   75.58100000   rs1350519   75581001  1089
 12   75.64503000   rs4312130   75645026  1090
 12   75.73807000   rs4882688   75738067  1091
 12   75.80896000  rs10879912   75808957  1092
 12   75.86109000  rs10732759   75861087  1093
 12   75.93516000   rs1275468   75935157  1094
 12   75.99108000   rs2013270   75991080  1095
 12   76.04269000  rs11180612   76042692  1096
 12   76.09551000  rs11180642   76095506  1097
 12   76.15433000   rs1275642   76154329  1098
 12   76.21185000  rs11611462   76211849  1099
 12   76.26280000   rs1275599   76262797  1100
 12   76.31283000   rs2367440   76312828  1101
 12   76.38510000  rs11831987   76385096  1102
 12   76.44631000   rs7961361   76446308  1103
 12   76.54603000   rs7958986   76546025  1104
 12   76.60023000  rs17042107   76600231  1105
 12   76.68386000  rs10859375   76683856  1106
 12   76.74484000  rs17197056   76744844  1107
 12   76.88587000   rs2175605   76885875  1108
 12   76.94144000  rs11114414   76941438  1109
 12   77.03006000  rs17042445   77030064  1110
 12   77.08888000   rs6539583   77088881  1111
 12   77.15497000   rs7966162   77154974  1112
 12   77.21628000  rs17813975   77216281  1113
 12   77.28835000   rs4469939   77288346  1114
 12   77.34789000    rs765690   77347887  1115
 12   77.41436000  rs12829354   77414361  1116
 12   77.46604000   rs1963514   77466042  1117
 12   77.52609000  rs10160994   77526094  1118
 12   77.58047000    rs771638   77580470  1119
 12   77.63589000  rs11104412   77635890  1120
 12   77.71655000   rs7977954   77716546  1121
 12   77.77585000   rs7957125   77775851  1122
 12   77.82697000    rs941174   77826970  1123
 12   77.88829000   rs4761383   77888292  1124
 12   77.94916000   rs2451947   77949155  1125
 12   78.00073000  rs11105881   78000729  1126
 12   78.07514000  rs10161149   78075142  1127
 12   78.13204000    rs770460   78132040  1128
 12   78.21486000   rs6538384   78214856  1129
 12   78.27427000   rs1677915   78274268  1130
 12   78.33081000   rs1564303   78330807  1131
 12   78.38736000   rs3803037   78387357  1132
 12   78.44606000    rs770108   78446057  1133
 12   78.50377000   rs2853470   78503766  1134
 12   78.55709000    rs451668   78557091  1135
 12   78.61394000  rs12821213   78613937  1136
 12   78.71344000  rs11109343   78713436  1137
 12   78.76460000  rs10860349   78764602  1138
 12   78.82554000  rs10860402   78825541  1139
 12   78.88438000   rs1717325   78884383  1140
 12   78.96474000   rs1402611   78964735  1141
 12   79.02101000  rs10860692   79021006  1142
 12   79.09324000    rs487651   79093237  1143
 12   79.20107000   rs4842407   79201073  1144
 12   79.25212000  rs10745970   79252123  1145
 12   79.30390000  rs12297761   79303902  1146
 12   79.39678000   rs1514920   79396782  1147
 12   79.45498000  rs10506806   79454982  1148
 12   79.59268000   rs6539284   79592680  1149
 12   79.64503000   rs1245824   79645035  1150
 12   79.71343000  rs10746114   79713434  1151
 12   79.77525000  rs11114027   79775248  1152
 12   79.84704000  rs11114122   79847040  1153
 12   79.92293000  rs17229687   79922925  1154
 12   79.98665000   rs3789994   79986655  1155
 12   80.12859000   rs1592672   80128593  1156
 12   80.31610000   rs7956796   80316098  1157
 12   80.37506000   rs4477495   80375064  1158
 12   80.43885000  rs10862037   80438851  1159
 12   80.53044000   rs7294710   80530440  1160
 12   80.58928000   rs1997401   80589275  1161
 12   80.64762000  rs11114373   80647615  1162
 12   80.76919000    rs996902   80769189  1163
 12   80.82619000  rs11114439   80826187  1164
 12   80.88857000   rs4616108   80888570  1165
 12   80.94160000  rs17006927   80941601  1166
 12   81.00923000   rs9668261   81009229  1167
 12   81.07414000  rs11114567   81074138  1168
 12   81.13759000  rs10862187   81137591  1169
 12   81.20164000    rs951043   81201638  1170
 12   81.25965000   rs1882170   81259650  1171
 12   81.31065000  rs11114652   81310652  1172
 12   81.36388000   rs1829568   81363885  1173
 12   81.43004000  rs10862219   81430043  1174
 12   81.49272000  rs10862237   81492715  1175
 12   81.56377000  rs12580201   81563766  1176
 12   81.62223000   rs1921073   81622228  1177
 12   81.69532000   rs1997441   81695322  1178
 12   81.75947000   rs7303277   81759473  1179
 12   81.86179000  rs12582634   81861791  1180
 12   81.93321000   rs2400955   81933208  1181
 12   81.99030000  rs10746193   81990302  1182
 12   82.07178000   rs1922545   82071784  1183
 12   82.15813000   rs1922551   82158129  1184
 12   82.23683000   rs7955253   82236828  1185
 12   82.28904000   rs6419403   82289038  1186
 12   82.36621000   rs7314275   82366215  1187
 12   82.42647000  rs11115162   82426466  1188
 12   82.47935000  rs10778860   82479348  1189
 12   82.54327000   rs1986437   82543274  1190
 12   82.59717000   rs7295566   82597172  1191
 12   82.65323000   rs7952758   82653235  1192
 12   82.75148000   rs7138488   82751483  1193
 12   82.91248000   rs2896434   82912482  1194
 12   83.00434000   rs4882426   83004340  1195
 12   83.05615000   rs4242869   83056154  1196
 12   83.10628000  rs17009882   83106277  1197
 12   83.16019000  rs11115386   83160190  1198
 12   83.22004000   rs7315531   83220039  1199
 12   83.28562000   rs1508647   83285622  1200
 12   83.34167000  rs10862527   83341673  1201
 12   83.39622000  rs10862540   83396224  1202
 12   83.44747000  rs10746266   83447470  1203
 12   83.50551000    rs962573   83505512  1204
 12   83.55960000  rs17010710   83559603  1205
 12   83.61286000  rs10778949   83612864  1206
 12   83.67143000   rs7485422   83671428  1207
 12   83.74660000   rs4882448   83746599  1208
 12   83.83246000  rs11115853   83832457  1209
 12   83.89544000  rs17745166   83895440  1210
 12   83.95067000    rs904091   83950668  1211
 12   84.02152000   rs1846035   84021522  1212
 12   84.07448000  rs10779023   84074475  1213
 12   84.14729000  rs11116012   84147295  1214
 12   84.20010000   rs1460368   84200102  1215
 12   84.25794000  rs10862780   84257936  1216
 12   84.32234000   rs7484667   84322342  1217
 12   84.39247000   rs7309603   84392473  1218
 12   84.44404000  rs11116180   84444037  1219
 12   84.51814000   rs1351601   84518144  1220
 12   84.57041000   rs7970932   84570410  1221
 12   84.65030000   rs1905144   84650301  1222
 12   84.80433000   rs6539845   84804326  1223
 12   84.89974000   rs1459609   84899742  1224
 12   84.95948000  rs11116456   84959484  1225
 12   85.01231000  rs10779113   85012313  1226
 12   85.08251000  rs11611182   85082506  1227
 12   85.13908000   rs3922762   85139080  1228
 12   85.20131000   rs7976801   85201306  1229
 12   85.28483000  rs17787970   85284828  1230
 12   85.33736000  rs11116662   85337362  1231
 12   85.39489000   rs9804729   85394887  1232
 12   85.51100000  rs11612337   85511005  1233
 12   85.60353000   rs1354839   85603531  1234
 12   85.70237000   rs1512734   85702371  1235
 12   85.78511000   rs7961781   85785109  1236
 12   85.91931000   rs7976869   85919312  1237
 12   86.00029000   rs2169573   86000290  1238
 12   86.06470000   rs6539905   86064697  1239
 12   86.13569000   rs2199521   86135692  1240
 12   86.19894000   rs7397266   86198935  1241
 12   86.32047000   rs2405789   86320466  1242
 12   86.37170000  rs12830189   86371700  1243
 12   86.44401000   rs7961367   86444015  1244
 12   86.50744000    rs863940   86507441  1245
 12   86.56382000   rs1389296   86563822  1246
 12   86.62827000   rs7302169   86628268  1247
 12   86.69787000  rs11103919   86697874  1248
 12   86.77967000  rs17289646   86779667  1249
 12   86.85586000   rs6538042   86855857  1250
 12   86.98787000   rs6538046   86987866  1251
 12   87.09267000   rs2406254   87092666  1252
 12   87.15671000    rs977781   87156713  1253
 12   87.21628000   rs4611273   87216285  1254
 12   87.28122000   rs7316774   87281219  1255
 12   87.40042000   rs1583314   87400421  1256
 12   87.45275000   rs7969732   87452755  1257
 12   87.56396000  rs11609959   87563959  1258
 12   87.64546000  rs12579782   87645460  1259
 12   87.70583000  rs12370639   87705834  1260
 12   87.76942000   rs4842563   87769425  1261
 12   87.82272000   rs4296111   87822724  1262
 12   87.88792000  rs11104519   87887917  1263
 12   87.94525000   rs7398334   87945250  1264
 12   88.01074000   rs2669115   88010736  1265
 12   88.11781000  rs17388065   88117811  1266
 12   88.17064000   rs2247050   88170640  1267
 12   88.22098000   rs3911720   88220982  1268
 12   88.32423000  rs10858667   88324226  1269
 12   88.37549000   rs4506733   88375488  1270
 12   88.44456000   rs2468239   88444560  1271
 12   88.53558000   rs2468222   88535576  1272
 12   88.64901000   rs7302806   88649009  1273
 12   88.72474000   rs2041857   88724745  1274
 12   88.78337000    rs759483   88783374  1275
 12   88.85465000   rs1492349   88854647  1276
 12   88.92122000  rs11104924   88921216  1277
 12   89.06243000   rs2407522   89062426  1278
 12   89.15422000  rs12316237   89154218  1279
 12   89.23149000   rs7972961   89231487  1280
 12   89.29975000    rs642742   89299746  1281
 12   89.36676000   rs2058343   89366763  1282
 12   89.42582000   rs1012421   89425822  1283
 12   89.48913000   rs7312093   89489131  1284
 12   89.55423000   rs1009619   89554226  1285
 12   89.61128000  rs17016528   89611275  1286
 12   89.66255000  rs10858840   89662548  1287
 12   89.74086000    rs796051   89740864  1288
 12   89.83242000  rs12303240   89832423  1289
 12   89.91681000   rs2230283   89916811  1290
 12   90.00068000  rs17465699   90000683  1291
 12   90.10727000  rs11105382   90107272  1292
 12   90.17801000   rs7956965   90178009  1293
 12   90.23139000  rs17783015   90231386  1294
 12   90.29186000  rs11105458   90291858  1295
 12   90.35244000   rs7306228   90352436  1296
 12   90.45518000   rs7303035   90455180  1297
 12   90.54351000  rs10777230   90543507  1298
 12   90.59682000   rs1438993   90596815  1299
 12   90.65157000   rs1347838   90651571  1300
 12   90.71967000    rs862231   90719672  1301
 12   90.77361000   rs1222513   90773613  1302
 12   90.84628000   rs7960740   90846280  1303
 12   90.91437000   rs1432113   90914372  1304
 12   90.97773000   rs2723902   90977734  1305
 12   91.04613000  rs11503340   91046130  1306
 12   91.10042000   rs1504149   91100420  1307
 12   91.15421000   rs7954238   91154207  1308
 12   91.20555000   rs1847458   91205548  1309
 12   91.27600000   rs4272843   91275998  1310
 12   91.39148000   rs7358706   91391478  1311
 12   91.45883000  rs17018653   91458833  1312
 12   91.56553000   rs3138190   91565527  1313
 12   91.65268000    rs704144   91652678  1314
 12   91.72635000   rs7486914   91726351  1315
 12   91.77639000   rs1125888   91776390  1316
 12   91.83331000  rs12820095   91833310  1317
 12   91.89318000   rs2130398   91893181  1318
 12   91.98050000   rs4399376   91980500  1319
 12   92.05750000  rs10506999   92057503  1320
 12   92.16961000  rs12422743   92169614  1321
 12   92.24885000   rs7294593   92248851  1322
 12   92.29917000   rs4240750   92299169  1323
 12   92.36247000  rs11106366   92362467  1324
 12   92.41403000  rs17251425   92414035  1325
 12   92.50393000  rs17251467   92503934  1326
 12   92.56347000   rs7977912   92563472  1327
 12   92.61450000  rs12824340   92614499  1328
 12   92.66451000   rs7980688   92664512  1329
 12   92.72222000   rs7316473   92722224  1330
 12   92.77231000    rs408260   92772307  1331
 12   92.82702000  rs12578375   92827016  1332
 12   92.89284000  rs10859322   92892842  1333
 12   92.94556000  rs12318374   92945556  1334
 12   92.99561000   rs2099516   92995611  1335
 12   93.04781000  rs10777428   93047807  1336
 12   93.11756000   rs7132767   93117564  1337
 12   93.17511000  rs10507018   93175113  1338
 12   93.33305000   rs4760506   93333050  1339
 12   93.38333000   rs7296486   93383326  1340
 12   93.45217000  rs10859419   93452175  1341
 12   93.51518000  rs12581994   93515179  1342
 12   93.58169000  rs10777477   93581690  1343
 12   93.65381000  rs10777489   93653808  1344
 12   93.70626000  rs10859481   93706256  1345
 12   93.76834000  rs12426738   93768342  1346
 12   93.86299000   rs4761720   93862989  1347
 12   93.91829000   rs3867978   93918286  1348
 12   93.97759000  rs11611927   93977591  1349
 12   94.04469000   rs4761735   94044690  1350
 12   94.09604000   rs7969076   94096042  1351
 12   94.15280000   rs1493848   94152804  1352
 12   94.21209000   rs7974729   94212090  1353
 12   94.27788000   rs1005890   94277882  1354
 12   94.35271000  rs12579818   94352709  1355
 12   94.42216000    rs879704   94422155  1356
 12   94.48355000   rs9668298   94483555  1357
 12   94.55001000   rs3847801   94550008  1358
 12   94.60399000  rs17299939   94603994  1359
 12   94.65499000  rs10507035   94654986  1360
 12   94.71855000   rs7979054   94718554  1361
 12   94.77274000   rs2271979   94772742  1362
 12   94.88862000   rs7968386   94888615  1363
 12   95.00254000  rs12426730   95002540  1364
 12   95.06639000   rs7304470   95066388  1365
 12   95.12481000   rs7304978   95124807  1366
 12   95.17839000   rs4761665   95178391  1367
 12   95.23959000   rs7137067   95239591  1368
 12   95.28973000   rs1434239   95289731  1369
 12   95.34552000  rs10859799   95345522  1370
 12   95.40466000    rs249180   95404658  1371
 12   95.49334000   rs4762311   95493336  1372
 12   95.57017000   rs7956452   95570167  1373
 12   95.63128000  rs10859856   95631276  1374
 12   95.69439000     rs14121   95694394  1375
 12   95.74499000   rs2633992   95744993  1376
 12   95.79672000   rs2727639   95796724  1377
 12   95.86442000   rs7314065   95864419  1378
 12   95.93557000  rs10777701   95935574  1379
 12   96.00047000  rs10777711   96000467  1380
 12   96.05118000   rs7959749   96051177  1381
 12   96.10127000   rs2431011   96101271  1382
 12   96.16018000  rs10859938   96160176  1383
 12   96.21621000   rs1436130   96216208  1384
 12   96.27586000  rs11610816   96275860  1385
 12   96.32627000  rs10859989   96326272  1386
 12   96.37826000   rs2300560   96378259  1387
 12   96.43108000  rs11108385   96431079  1388
 12   96.48382000  rs11108403   96483815  1389
 12   96.55540000   rs7312459   96555402  1390
 12   96.60689000   rs2075362   96606889  1391
 12   96.66071000   rs7974921   96660711  1392
 12   96.72823000  rs10777785   96728227  1393
 12   96.80709000   rs1470105   96807085  1394
 12   96.86613000   rs7967631   96866130  1395
 12   96.91625000   rs7297965   96916254  1396
 12   96.96749000   rs7136411   96967491  1397
 12   97.03186000    rs815911   97031857  1398
 12   97.10997000  rs10860071   97109970  1399
 12   97.21083000     rs34450   97210829  1400
 12   97.26297000     rs34493   97262973  1401
 12   97.34596000   rs2304697   97345955  1402
 12   97.40497000   rs2371356   97404972  1403
 12   97.46200000  rs11108786   97462000  1404
 12   97.52051000  rs11610905   97520509  1405
 12   97.57974000   rs3858659   97579740  1406
 12   97.63914000   rs1012315   97639144  1407
 12   97.69019000   rs2193009   97690190  1408
 12   97.74074000  rs10777853   97740739  1409
 12   97.79218000   rs7301984   97792182  1410
 12   97.85508000  rs12227359   97855084  1411
 12   97.92706000   rs7965805   97927063  1412
 12   98.01688000  rs10860227   98016881  1413
 12   98.07812000   rs4762400   98078124  1414
 12   98.13473000  rs11610805   98134731  1415
 12   98.18631000   rs4762436   98186313  1416
 12   98.23699000   rs7316655   98236989  1417
 12   98.30925000   rs7308578   98309252  1418
 12   98.37127000  rs10492268   98371273  1419
 12   98.42522000   rs2216029   98425223  1420
 12   98.48673000  rs10735356   98486735  1421
 12   98.53826000   rs7138639   98538264  1422
 12   98.59008000  rs11109382   98590083  1423
 12   98.65109000   rs6538849   98651086  1424
 12   98.74521000   rs1420452   98745213  1425
 12   98.81830000   rs1468832   98818302  1426
 12   98.88956000   rs1347956   98889564  1427
 12   98.98207000  rs12580005   98982066  1428
 12   99.05037000   rs7315397   99050366  1429
 12   99.16461000  rs11109596   99164614  1430
 12   99.23055000   rs7303198   99230554  1431
 12   99.28275000   rs1549102   99282746  1432
 12   99.33322000    rs539977   99333217  1433
 12   99.39282000  rs17028962   99392820  1434
 12   99.48108000   rs7313721   99481084  1435
 12   99.53889000    rs591776   99538895  1436
 12   99.59931000   rs1492246   99599308  1437
 12   99.72713000   rs7304346   99727131  1438
 12   99.80454000   rs7301622   99804536  1439
 12   99.85573000   rs7960797   99855732  1440
 12   99.92377000   rs2373013   99923770  1441
 12   99.98413000   rs1275651   99984135  1442
 12  100.04216000  rs11109969  100042163  1443
 12  100.10065000   rs1500663  100100650  1444
 12  100.15214000   rs6538945  100152136  1445
 12  100.21542000   rs1488724  100215417  1446
 12  100.26879000  rs11110079  100268794  1447
 12  100.33405000    rs996654  100334053  1448
 12  100.39109000   rs7306416  100391088  1449
 12  100.45418000   rs2888546  100454177  1450
 12  100.52350000  rs11110252  100523496  1451
 12  100.58434000  rs10778045  100584338  1452
 12  100.67696000   rs7965910  100676960  1453
 12  100.73961000   rs3931028  100739614  1454
 12  100.80019000   rs7965082  100800193  1455
 12  100.86646000   rs3762108  100866455  1456
 12  100.95037000     rs35735  100950371  1457
 12  101.04420000    rs984025  101044202  1458
 12  101.11306000   rs2114919  101113055  1459
 12  101.16509000  rs17030576  101165092  1460
 12  101.21737000   rs4764753  101217372  1461
 12  101.27971000  rs10860653  101279712  1462
 12  101.33211000    rs676527  101332113  1463
 12  101.38647000   rs2673665  101386469  1464
 12  101.47129000   rs1464128  101471289  1465
 12  101.52537000   rs3914433  101525373  1466
 12  101.62170000   rs3914496  101621701  1467
 12  101.68107000    rs703712  101681073  1468
 12  101.75815000   rs1515554  101758150  1469
 12  101.83209000   rs7967809  101832092  1470
 12  101.89332000    rs733327  101893315  1471
 12  101.94468000   rs1566557  101944677  1472
 12  101.99728000   rs2958098  101997284  1473
 12  102.06317000  rs11110949  102063174  1474
 12  102.12029000   rs7965541  102120289  1475
 12  102.17303000  rs10860784  102173033  1476
 12  102.23813000  rs11111055  102238129  1477
 12  102.29374000   rs4764838  102293739  1478
 12  102.35203000  rs10507136  102352028  1479
 12  102.48930000  rs11111162  102489302  1480
 12  102.59770000  rs10860845  102597702  1481
 12  102.71144000  rs10860854  102711442  1482
 12  102.76147000  rs11111256  102761471  1483
 12  102.86664000  rs17796225  102866638  1484
 12  102.91744000  rs10492320  102917436  1485
 12  102.96847000  rs12310861  102968473  1486
 12  103.01857000   rs7308912  103018574  1487
 12  103.07176000  rs10860900  103071761  1488
 12  103.13501000   rs7312593  103135012  1489
 12  103.21106000   rs1464789  103211059  1490
 12  103.27875000   rs1722392  103278745  1491
 12  103.36380000   rs4764926  103363796  1492
 12  103.44326000  rs11111423  103443265  1493
 12  103.53063000   rs4764943  103530629  1494
 12  103.58199000  rs10860955  103581985  1495
 12  103.67092000  rs12311525  103670917  1496
 12  103.73288000  rs10778236  103732884  1497
 12  103.78651000   rs2374045  103786515  1498
 12  103.86635000   rs2888731  103866354  1499
 12  103.92426000  rs11111628  103924256  1500
 12  103.97565000   rs1593812  103975649  1501
 12  104.02782000   rs1993919  104027817  1502
 12  104.08604000    rs703649  104086040  1503
 12  104.14484000  rs17505851  104144835  1504
 12  104.20216000  rs12422418  104202160  1505
 12  104.25493000  rs11111817  104254932  1506
 12  104.31173000  rs10735390  104311731  1507
 12  104.36219000   rs4135048  104362192  1508
 12  104.44294000  rs17035146  104442938  1509
 12  104.50390000  rs11111897  104503902  1510
 12  104.57350000  rs11111921  104573504  1511
 12  104.65806000  rs10778311  104658060  1512
 12  104.71896000  rs10861201  104718959  1513
 12  104.76979000  rs10861212  104769791  1514
 12  104.82729000   rs1882500  104827291  1515
 12  104.88200000   rs7963874  104882004  1516
 12  104.94239000   rs1704904  104942386  1517
 12  104.99546000   rs3812796  104995459  1518
 12  105.05177000  rs11112146  105051769  1519
 12  105.11041000   rs2029737  105110412  1520
 12  105.17432000   rs2245927  105174320  1521
 12  105.28258000   rs4077312  105282578  1522
 12  105.36098000  rs11112263  105360985  1523
 12  105.41595000  rs11112315  105415948  1524
 12  105.48470000   rs1209308  105484701  1525
 12  105.56757000     rs10071  105567572  1526
 12  105.63662000   rs1196795  105636617  1527
 12  105.68931000  rs10746014  105689315  1528
 12  105.74677000  rs17188203  105746767  1529
 12  105.79753000  rs10746026  105797529  1530
 12  105.85531000  rs12300811  105855305  1531
 12  105.91414000   rs1358223  105914138  1532
 12  105.96634000   rs3915229  105966343  1533
 12  106.01990000  rs10861462  106019898  1534
 12  106.07048000   rs7299119  106070478  1535
 12  106.12186000  rs10861493  106121864  1536
 12  106.17713000   rs4964412  106177127  1537
 12  106.23449000   rs4964421  106234494  1538
 12  106.30193000   rs1345546  106301933  1539
 12  106.36026000  rs12812572  106360257  1540
 12  106.41271000   rs7358711  106412705  1541
 12  106.46766000  rs12424937  106467656  1542
 12  106.52051000   rs2913132  106520512  1543
 12  106.57179000   rs2559617  106571790  1544
 12  106.62346000   rs1215761  106623457  1545
 12  106.71674000   rs2077730  106716740  1546
 12  106.78555000   rs6539267  106785554  1547
 12  106.83834000  rs10861607  106838340  1548
 12  106.90984000   rs7315611  106909843  1549
 12  106.96548000   rs7296145  106965482  1550
 12  107.02040000  rs11113063  107020397  1551
 12  107.10747000   rs7973906  107107472  1552
 12  107.17465000  rs10861661  107174646  1553
 12  107.30981000   rs6539291  107309811  1554
 12  107.36448000  rs12309494  107364483  1555
 12  107.45279000  rs11113179  107452785  1556
 12  107.51864000   rs4964521  107518636  1557
 12  107.56973000   rs2178492  107569725  1558
 12  107.63050000   rs2111331  107630497  1559
 12  107.70471000   rs1820460  107704705  1560
 12  107.76773000  rs11113292  107767730  1561
 12  107.86293000   rs6539337  107862928  1562
 12  107.92164000  rs11113377  107921643  1563
 12  107.98713000  rs17757562  107987125  1564
 12  108.03820000    rs759525  108038203  1565
 12  108.09052000   rs2287214  108090518  1566
 12  108.16858000  rs11113472  108168585  1567
 12  108.22312000   rs7488052  108223116  1568
 12  108.27516000  rs10778587  108275157  1569
 12  108.33299000   rs1895941  108332994  1570
 12  108.40576000   rs1896058  108405763  1571
 12  108.45904000   rs7973971  108459044  1572
 12  108.53251000    rs338166  108532509  1573
 12  108.60297000   rs7313402  108602970  1574
 12  108.65531000  rs12824955  108655308  1575
 12  108.70712000   rs2374985  108707123  1576
 12  108.76733000  rs10861905  108767333  1577
 12  108.82024000    rs741646  108820244  1578
 12  108.87496000  rs10778641  108874961  1579
 12  108.93011000   rs2032764  108930109  1580
 12  108.98164000    rs732742  108981642  1581
 12  109.03987000   rs2111211  109039869  1582
 12  109.10550000  rs11114036  109105501  1583
 12  109.17445000  rs17258759  109174455  1584
 12  109.22944000  rs11114066  109229436  1585
 12  109.28269000  rs10861974  109282685  1586
 12  109.43262000   rs1865147  109432616  1587
 12  109.48891000   rs7961975  109488911  1588
 12  109.56104000   rs7305045  109561036  1589
 12  109.61786000  rs11065772  109617865  1590
 12  109.67503000   rs2241220  109675029  1591
 12  109.72656000   rs7955608  109726560  1592
 12  109.78266000  rs12231342  109782656  1593
 12  109.83315000   rs6606708  109833146  1594
 12  109.88636000  rs12821585  109886361  1595
 12  109.94791000   rs3815575  109947905  1596
 12  110.00278000  rs10850379  110002777  1597
 12  110.05789000  rs12830053  110057889  1598
 12  110.11121000   rs6606737  110111214  1599
 12  110.17356000  rs10850645  110173564  1600
 12  110.22796000  rs10735104  110227965  1601
 12  110.27918000   rs6606743  110279179  1602
 12  110.33787000  rs11068833  110337874  1603
 12  110.43097000   rs1027949  110430968  1604
 12  110.48921000  rs11064860  110489208  1605
 12  110.55731000  rs12311063  110557312  1606
 12  110.60971000  rs11065287  110609714  1607
 12  110.70449000  rs11065611  110704487  1608
 12  110.79773000  rs12313391  110797730  1609
 12  110.90408000  rs10160981  110904075  1610
 12  110.97385000   rs3825391  110973846  1611
 12  111.04590000   rs7966169  111045898  1612
 12  111.10747000  rs16940935  111107470  1613
 12  111.16874000  rs10774604  111168743  1614
 12  111.22965000    rs850517  111229645  1615
 12  111.28773000   rs2283348  111287726  1616
 12  111.34024000  rs10774610  111340243  1617
 12  111.39352000   rs4766522  111393519  1618
 12  111.58793000  rs10849927  111587930  1619
 12  111.65457000   rs7298386  111654575  1620
 12  111.70688000   rs4766566  111706877  1621
 12  111.77407000   rs7398343  111774068  1622
 12  111.88461000   rs3184504  111884608  1623
 12  111.94112000   rs6490162  111941120  1624
 12  112.06288000   rs1544396  112062875  1625
 12  112.12328000    rs601663  112123284  1626
 12  112.19756000  rs34229224  112197562  1627
 12  112.25120000  rs10849971  112251197  1628
 12  112.30435000  rs11066053  112304353  1629
 12  112.43751000   rs7307862  112437514  1630
 12  112.52507000   rs7304572  112525073  1631
 12  112.62189000   rs3741993  112621886  1632
 12  112.70373000   rs2301757  112703732  1633
 12  112.77106000  rs10850031  112771063  1634
 12  112.84486000  rs11066286  112844857  1635
 12  112.92336000  rs11066323  112923361  1636
 12  112.98157000    rs739787  112981571  1637
 12  113.03682000  rs17824050  113036817  1638
 12  113.08964000    rs232921  113089641  1639
 12  113.14495000    rs958817  113144946  1640
 12  113.19673000  rs11614295  113196733  1641
 12  113.25797000  rs12581345  113257970  1642
 12  113.31167000   rs4767021  113311672  1643
 12  113.36873000   rs3803057  113368734  1644
 12  113.42187000   rs1293770  113421869  1645
 12  113.49565000   rs1732786  113495646  1646
 12  113.56090000   rs2701626  113560904  1647
 12  113.61482000   rs2305899  113614824  1648
 12  113.67258000   rs1458366  113672577  1649
 12  113.75209000  rs10774689  113752090  1650
 12  113.83066000   rs3812826  113830657  1651
 12  113.89740000  rs10850136  113897404  1652
 12  113.94934000   rs1895981  113949341  1653
 12  114.00011000   rs1346198  114000115  1654
 12  114.06010000   rs1346192  114060096  1655
 12  114.11780000    rs616135  114117802  1656
 12  114.17477000  rs16943162  114174774  1657
 12  114.22889000   rs1918413  114228894  1658
 12  114.28511000    rs890414  114285113  1659
 12  114.35597000   rs2279051  114355974  1660
 12  114.41606000   rs1350524  114416060  1661
 12  114.47287000   rs1870352  114472870  1662
 12  114.52422000   rs1458704  114524221  1663
 12  114.59043000   rs4766722  114590434  1664
 12  114.64119000    rs714254  114641186  1665
 12  114.69263000  rs17660176  114692626  1666
 12  114.74696000  rs11067037  114746957  1667
 12  114.79709000  rs10507248  114797093  1668
 12  114.85009000   rs2948167  114850094  1669
 12  114.90043000  rs12229163  114900429  1670
 12  114.95807000   rs9919718  114958067  1671
 12  115.01267000   rs1818789  115012666  1672
 12  115.10296000  rs12820376  115102961  1673
 12  115.15489000   rs6489972  115154891  1674
 12  115.21455000  rs10850382  115214548  1675
 12  115.27308000   rs2992629  115273077  1676
 12  115.32527000   rs2484589  115325266  1677
 12  115.38107000   rs7132327  115381071  1678
 12  115.44391000  rs10850426  115443911  1679
 12  115.52415000     rs35488  115524148  1680
 12  115.57699000  rs12426749  115576992  1681
 12  115.62990000   rs2021780  115629903  1682
 12  115.68029000   rs4767311  115680290  1683
 12  115.73216000   rs1616047  115732157  1684
 12  115.78696000   rs7295116  115786961  1685
 12  115.83979000   rs1039298  115839791  1686
 12  115.89419000   rs7304462  115894190  1687
 12  115.95283000  rs11067640  115952827  1688
 12  116.01361000   rs7304729  116013608  1689
 12  116.06784000  rs11067686  116067844  1690
 12  116.12122000   rs1896121  116121217  1691
 12  116.18037000    rs780874  116180372  1692
 12  116.23301000   rs1647110  116233010  1693
 12  116.28438000    rs697871  116284383  1694
 12  116.33632000  rs17722146  116336317  1695
 12  116.39221000   rs6490046  116392208  1696
 12  116.53692000   rs2392969  116536921  1697
 12  116.59546000  rs12312596  116595460  1698
 12  116.71895000   rs3851644  116718953  1699
 12  116.77397000   rs7972837  116773970  1700
 12  116.83307000  rs10774854  116833070  1701
 12  116.89116000  rs10774863  116891156  1702
 12  116.96369000  rs11068058  116963686  1703
 12  117.01537000   rs2393073  117015367  1704
 12  117.06591000  rs12312305  117065910  1705
 12  117.12052000   rs7957270  117120517  1706
 12  117.17167000   rs2101869  117171669  1707
 12  117.22960000   rs2393084  117229598  1708
 12  117.28698000   rs4767461  117286981  1709
 12  117.36317000   rs4562927  117363166  1710
 12  117.41497000   rs4766819  117414974  1711
 12  117.46887000  rs10774898  117468873  1712
 12  117.52118000  rs10744890  117521180  1713
 12  117.58407000   rs3741467  117584066  1714
 12  117.66554000    rs904658  117665544  1715
 12  117.72234000  rs10744891  117722341  1716
 12  117.77737000   rs1004356  117777372  1717
 12  117.83048000  rs10850820  117830479  1718
 12  117.88241000  rs10774925  117882412  1719
 12  117.94591000   rs2944722  117945913  1720
 12  118.00084000   rs4766861  118000836  1721
 12  118.05158000   rs1400593  118051578  1722
 12  118.10937000    rs481745  118109371  1723
 12  118.17314000   rs1976500  118173139  1724
 12  118.22617000  rs10774953  118226173  1725
 12  118.27726000  rs11068695  118277263  1726
 12  118.32731000  rs10850922  118327310  1727
 12  118.38018000  rs11068753  118380179  1728
 12  118.43133000   rs7295696  118431327  1729
 12  118.50247000      rs8239  118502467  1730
 12  118.56276000   rs4590911  118562757  1731
 12  118.68275000    rs428073  118682751  1732
 12  118.74067000    rs468574  118740675  1733
 12  118.79342000    rs571113  118793418  1734
 12  118.85541000      rs7795  118855405  1735
 12  118.90970000  rs10850973  118909701  1736
 12  118.96199000   rs4767684  118961993  1737
 12  119.01914000   rs1879401  119019143  1738
 12  119.07251000  rs10851005  119072505  1739
 12  119.13022000  rs10851014  119130217  1740
 12  119.19167000  rs10851029  119191669  1741
 12  119.25669000    rs937522  119256687  1742
 12  119.31553000   rs2698075  119315531  1743
 12  119.36783000  rs11069178  119367827  1744
 12  119.42618000  rs11069218  119426176  1745
 12  119.48454000   rs4331170  119484537  1746
 12  119.55752000   rs7969288  119557518  1747
 12  119.61048000    rs722306  119610485  1748
 12  119.66257000   rs2727710  119662572  1749
 12  119.71299000   rs2555253  119712985  1750
 12  119.76399000   rs4766939  119763994  1751
 12  119.81757000  rs10774495  119817571  1752
 12  119.87127000   rs2293495  119871266  1753
 12  119.92154000   rs2519543  119921535  1754
 12  119.97882000    rs784847  119978820  1755
 12  120.02954000   rs5005556  120029538  1756
 12  120.08380000   rs1541345  120083798  1757
 12  120.15558000   rs7131914  120155577  1758
 12  120.22164000   rs2240310  120221636  1759
 12  120.27432000   rs7309586  120274323  1760
 12  120.32606000  rs10849704  120326063  1761
 12  120.37739000   rs7966478  120377392  1762
 12  120.48864000   rs5028648  120488636  1763
 12  120.58619000   rs2240317  120586193  1764
 12  120.66198000   rs4767884  120661977  1765
 12  120.75052000  rs16950058  120750517  1766
 12  120.80378000   rs2238160  120803783  1767
 12  120.85942000   rs7959743  120859417  1768
 12  120.94121000      rs7471  120941215  1769
 12  120.99533000   rs2292681  120995332  1770
 12  121.06078000  rs10774563  121060780  1771
 12  121.11817000  rs11065208  121118172  1772
 12  121.17994000  rs12825376  121179939  1773
 12  121.23616000    rs550349  121236160  1774
 12  121.31563000  rs10849808  121315630  1775
 12  121.38896000   rs2650000  121388962  1776
 12  121.45799000   rs2259693  121457995  1777
 12  121.52589000   rs2708092  121525886  1778
 12  121.59446000   rs1718124  121594460  1779
 12  121.65401000   rs1169727  121654011  1780
 12  121.70653000   rs1718120  121706533  1781
 12  121.76178000   rs2089886  121761776  1782
 12  121.82165000   rs7979163  121821654  1783
 12  121.87402000   rs9634167  121874019  1784
 12  121.92547000   rs7307400  121925468  1785
 12  121.98289000  rs28604990  121982892  1786
 12  122.06301000  rs12313273  122063010  1787
 12  122.15904000   rs2720027  122159037  1788
 12  122.21266000  rs11043196  122212659  1789
 12  122.26516000   rs2242260  122265163  1790
 12  122.32582000   rs3847694  122325820  1791
 12  122.37699000   rs6486785  122376987  1792
 12  122.42716000    rs830121  122427161  1793
 12  122.47873000   rs7316212  122478728  1794
 12  122.61091000   rs4758690  122610909  1795
 12  122.66286000   rs7972979  122662856  1796
 12  122.72934000   rs7953290  122729336  1797
 12  122.78190000  rs11057405  122781897  1798
 12  122.87357000  rs10773117  122873570  1799
 12  122.95037000   rs7964138  122950375  1800
 12  123.01889000  rs10734924  123018894  1801
 12  123.11059000   rs3803004  123110585  1802
 12  123.18233000   rs7972971  123182332  1803
 12  123.23962000  rs12310386  123239620  1804
 12  123.31185000  rs10773627  123311853  1805
 12  123.36420000   rs7139055  123364198  1806
 12  123.42557000   rs4148866  123425575  1807
 12  123.51887000    rs641760  123518866  1808
 12  123.62698000   rs1106240  123626982  1809
 12  123.68952000   rs2695478  123689521  1810
 12  123.74393000  rs10846489  123743927  1811
 12  123.79685000   rs4759377  123796849  1812
 12  124.05076000   rs4310694  124050760  1813
 12  124.10455000  rs10773019  124104551  1814
 12  124.15918000   rs7133199  124159185  1815
 12  124.31688000   rs7978454  124316876  1816
 12  124.38548000   rs7977078  124385477  1817
 12  124.46070000  rs12311114  124460703  1818
 12  124.51191000   rs7296124  124511908  1819
 12  124.58345000    rs902169  124583446  1820
 12  124.63718000  rs11057466  124637184  1821
 12  124.69558000   rs2036308  124695576  1822
 12  124.74614000   rs7309702  124746141  1823
 12  124.80168000   rs4765543  124801683  1824
 12  124.85490000   rs3782257  124854903  1825
 12  124.92233000   rs1702322  124922325  1826
 12  124.98059000   rs3759106  124980586  1827
 12  125.04108000    rs837491  125041081  1828
 12  125.09440000  rs11057706  125094404  1829
 12  125.14754000  rs11057735  125147543  1830
 12  125.20437000    rs838853  125204372  1831
 12  125.26064000    rs838878  125260645  1832
 12  125.31492000   rs4765616  125314921  1833
 12  125.38557000   rs4307802  125385572  1834
 12  125.44644000   rs4765011  125446436  1835
 12  125.49969000   rs7313888  125499686  1836
 12  125.56115000  rs12831803  125561151  1837
 12  125.61931000   rs2291248  125619308  1838
 12  125.68176000  rs12578774  125681761  1839
 12  125.73225000  rs11610234  125732246  1840
 12  125.78513000   rs7972260  125785134  1841
 12  125.83919000   rs7296783  125839189  1842
 12  125.89716000    rs372929  125897163  1843
 12  125.96834000  rs11058197  125968344  1844
 12  126.02003000   rs7969675  126020031  1845
 12  126.07167000  rs11058254  126071667  1846
 12  126.13686000   rs3825381  126136863  1847
 12  126.19612000   rs1004315  126196117  1848
 12  126.25093000  rs10744232  126250928  1849
 12  126.30334000  rs10846982  126303338  1850
 12  126.35656000   rs7307536  126356564  1851
 12  126.43292000   rs7959685  126432917  1852
 12  126.48806000    rs225536  126488064  1853
 12  126.54833000   rs7958724  126548335  1854
 12  126.61170000  rs10847094  126611698  1855
 12  126.67566000    rs740724  126675665  1856
 12  126.72653000  rs10773257  126726530  1857
 12  126.78257000   rs2191186  126782566  1858
 12  126.83311000   rs7953729  126833105  1859
 12  126.89551000  rs10744253  126895508  1860
 12  126.95423000  rs12309343  126954229  1861
 12  127.01618000   rs2215396  127016183  1862
 12  127.06777000  rs17582946  127067770  1863
 12  127.12136000   rs3741961  127121358  1864
 12  127.17250000   rs1567640  127172499  1865
 12  127.22578000   rs1194050  127225781  1866
 12  127.27644000  rs12228054  127276443  1867
 12  127.32863000   rs6489142  127328626  1868
 12  127.37962000   rs7315778  127379621  1869
 12  127.44356000  rs12317950  127443564  1870
 12  127.49649000  rs10847255  127496488  1871
 12  127.54825000   rs7955532  127548249  1872
 12  127.60461000   rs2248246  127604614  1873
 12  127.67161000   rs7133841  127671614  1874
 12  127.72310000  rs10431329  127723097  1875
 12  127.79344000   rs1447090  127793437  1876
 12  127.85184000   rs1910775  127851840  1877
 12  127.90564000   rs1485862  127905639  1878
 12  127.98973000   rs2682621  127989730  1879
 12  128.04050000    rs345659  128040502  1880
 12  128.12146000   rs1490893  128121460  1881
 12  128.17497000   rs7312804  128174969  1882
 12  128.22981000  rs11059335  128229809  1883
 12  128.28903000   rs1214198  128289026  1884
 12  128.33955000  rs10847469  128339548  1885
 12  128.39848000   rs7295846  128398477  1886
 12  128.44849000   rs4761045  128448488  1887
 12  128.49884000   rs2049764  128498837  1888
 12  128.54921000   rs6489232  128549207  1889
 12  128.60263000   rs9669026  128602631  1890
 12  128.65748000  rs10773498  128657480  1891
 12  128.71085000   rs7972769  128710847  1892
 12  128.76543000   rs9668542  128765432  1893
 12  128.84664000  rs10773529  128846640  1894
 12  128.91040000  rs12812946  128910398  1895
 12  128.96068000  rs10847627  128960679  1896
 12  129.01880000  rs12321655  129018801  1897
 12  129.07232000  rs10744379  129072316  1898
 12  129.14469000    rs923435  129144687  1899
 12  129.20092000   rs4760566  129200924  1900
 12  129.25459000  rs11059899  129254589  1901
 12  129.33166000   rs7970478  129331655  1902
 12  129.38175000  rs11060001  129381753  1903
 12  129.43279000  rs11060036  129432789  1904
 12  129.48712000    rs470579  129487124  1905
 12  129.54735000    rs491987  129547345  1906
 12  129.59959000  rs12371083  129599588  1907
 12  129.65109000  rs11060170  129651095  1908
 12  129.70583000   rs7304563  129705832  1909
 12  129.76007000   rs7955012  129760066  1910
 12  129.81053000   rs3850004  129810530  1911
 12  129.86154000   rs7295361  129861541  1912
 12  129.91550000   rs7136224  129915505  1913
 12  129.96704000  rs12317773  129967036  1914
 12  130.01731000  rs10847896  130017313  1915
 12  130.06923000   rs1388904  130069226  1916
 12  130.13822000   rs1484005  130138215  1917
 12  130.19991000   rs6486497  130199905  1918
 12  130.25515000  rs10773704  130255153  1919
 12  130.32073000  rs11060576  130320725  1920
 12  130.41084000    rs825885  130410838  1921
 12  130.47391000    rs708356  130473914  1922
 12  130.52564000   rs1696424  130525641  1923
 12  130.57934000  rs10848000  130579339  1924
 12  130.63027000  rs11060732  130630266  1925
 12  130.68044000    rs937642  130680437  1926
 12  130.73305000    rs533953  130733050  1927
 12  130.79278000  rs11060822  130792781  1928
 12  130.85036000  rs11060842  130850356  1929
 12  130.90391000   rs3741574  130903909  1930
 12  130.97308000   rs4759476  130973085  1931
 12  131.02594000   rs1877981  131025944  1932
 12  131.08095000   rs9971713  131080946  1933
 12  131.13660000  rs12829361  131136600  1934
 12  131.20200000   rs2695862  131201996  1935
 12  131.25255000  rs12318582  131252551  1936
 12  131.31541000   rs4759523  131315412  1937
 12  131.37931000  rs10848243  131379314  1938
 12  131.43318000    rs941313  131433184  1939
 12  131.48437000   rs7978485  131484366  1940
 12  131.54289000  rs10773840  131542891  1941
 12  131.60035000   rs1195928  131600346  1942
 12  131.67618000   rs3923249  131676175  1943
 12  131.73032000   rs4387437  131730317  1944
 12  131.81482000  rs11608261  131814819  1945
 12  131.87285000   rs7971297  131872850  1946
 12  131.93313000  rs11061539  131933133  1947
 12  131.99134000    rs941152  131991337  1948
 12  132.04833000  rs12308408  132048326  1949
 12  132.10036000  rs10794465  132100359  1950
 12  132.15601000  rs11611690  132156008  1951
 12  132.21777000   rs4964988  132217770  1952
 12  132.26896000   rs7305632  132268961  1953
 12  132.32524000   rs6598163  132325239  1954
 12  132.38192000   rs9652059  132381920  1955
 12  132.50839000   rs7133119  132508389  1956
 12  132.59900000   rs7136649  132598995  1957
 12  132.65426000   rs7954503  132654262  1958
 12  133.01897000  rs11146933  133018970  1959
 12  133.09079000   rs3812828  133090791  1960
 12  133.14084000  rs12809318  133140840  1961
 12  133.19513000   rs6560889  133195135  1962
 12  133.27628000  rs10870494  133276284  1963
 12  133.33154000   rs1132375  133331537  1964
 12  133.38486000   rs3741486  133384864  1965
 12  133.48298000  rs12426943  133482984  1966
 12  133.72362000  rs11614973  133723621  1967
