201 0 0 5
 0 0.0 0.0 0 
 1 2 3 4 5 6 7 8 9 10 11 12 13 14 15 16 17 18 19 20 21 22 23 24 25 26 27 28 29 30 31 32 33 34 35 36 37 38 39 40 41 42 43 44 45 46 47 48 49 50 51 52 53 54 55 56 57 58 59 60 61 62 63 64 65 66 67 68 69 70 71 72 73 74 75 76 77 78 79 80 81 82 83 84 85 86 87 88 89 90 91 92 93 94 95 96 97 98 99 100 101 102 103 104 105 106 107 108 109 110 111 112 113 114 115 116 117 118 119 120 121 122 123 124 125 126 127 128 129 130 131 132 133 134 135 136 137 138 139 140 141 142 143 144 145 146 147 148 149 150 151 152 153 154 155 156 157 158 159 160 161 162 163 164 165 166 167 168 169 170 171 172 173 174 175 176 177 178 179 180 181 182 183 184 185 186 187 188 189 190 191 192 193 194 195 196 197 198 199 200 201
1  2 	# TRAIT
 0.9999 0.0001
 1
 0.000 0.000 1.000
3  2 	# rs9401609
 0.4270 0.5730
3  2 	# rs7754344
 0.1573 0.8427
3  2 	# rs9375219
 0.3315 0.6685
3  2 	# rs6916837
 0.4888 0.5112
3  2 	# rs6569329
 0.4831 0.5169
3  2 	# rs7746138
 0.0618 0.9382
3  2 	# rs9482391
 0.1011 0.8989
3  2 	# rs13212480
 0.0787 0.9213
3  2 	# rs9385304
 0.4831 0.5169
3  2 	# rs7760343
 0.2472 0.7528
3  2 	# rs2611432
 0.0899 0.9101
3  2 	# rs342616
 0.3933 0.6067
3  2 	# rs928529
 0.4551 0.5449
3  2 	# rs12191883
 0.4551 0.5449
3  2 	# rs6936906
 0.2809 0.7191
3  2 	# rs2318064
 0.4663 0.5337
3  2 	# rs12196932
 0.3258 0.6742
3  2 	# rs9320967
 0.1798 0.8202
3  2 	# rs7742884
 0.4551 0.5449
3  2 	# rs2064687
 0.3146 0.6854
3  2 	# rs163286
 0.1629 0.8371
3  2 	# rs713215
 0.2360 0.7640
3  2 	# rs2626131
 0.2697 0.7303
3  2 	# rs332611
 0.2472 0.7528
3  2 	# rs688197
 0.1461 0.8539
3  2 	# rs535492
 0.3483 0.6517
3  2 	# rs527307
 0.3427 0.6573
3  2 	# rs635837
 0.2191 0.7809
3  2 	# rs6932501
 0.2809 0.7191
3  2 	# rs17711154
 0.2079 0.7921
3  2 	# rs7754584
 0.2472 0.7528
3  2 	# rs1923728
 0.0787 0.9213
3  2 	# rs781739
 0.3539 0.6461
3  2 	# rs482014
 0.4551 0.5449
3  2 	# rs567448
 0.2022 0.7978
3  2 	# rs7451644
 0.4382 0.5618
3  2 	# rs476436
 0.3652 0.6348
3  2 	# rs495191
 0.4045 0.5955
3  2 	# rs9388416
 0.2697 0.7303
3  2 	# rs7756600
 0.1348 0.8652
3  2 	# rs6933106
 0.0506 0.9494
3  2 	# rs4895744
 0.0506 0.9494
3  2 	# rs2326146
 0.1292 0.8708
3  2 	# rs2747714
 0.1798 0.8202
3  2 	# rs7754833
 0.4551 0.5449
3  2 	# rs9398792
 0.0506 0.9494
3  2 	# rs9321060
 0.0562 0.9438
3  2 	# rs6569457
 0.4270 0.5730
3  2 	# rs2151522
 0.3820 0.6180
3  2 	# rs2800718
 0.0787 0.9213
3  2 	# rs12210968
 0.0730 0.9270
3  2 	# rs6903353
 0.0562 0.9438
3  2 	# rs9388590
 0.0899 0.9101
3  2 	# rs527206
 0.1180 0.8820
3  2 	# rs12525721
 0.3636 0.6364
3  2 	# rs9491896
 0.3258 0.6742
3  2 	# rs7757761
 0.0506 0.9494
3  2 	# rs9491913
 0.3427 0.6573
3  2 	# rs9491939
 0.2921 0.7079
3  2 	# rs6923822
 0.0056 0.9944
3  2 	# rs969970
 0.4270 0.5730
3  2 	# rs9372901
 0.2303 0.7697
3  2 	# rs4512245
 0.0955 0.9045
3  2 	# rs4594973
 0.0281 0.9719
3  2 	# rs6934624
 0.1292 0.8708
3  2 	# rs1478806
 0.3034 0.6966
3  2 	# rs7751571
 0.0787 0.9213
3  2 	# rs2326794
 0.4719 0.5281
3  2 	# rs7770270
 0.0449 0.9551
3  2 	# rs2876041
 0.2753 0.7247
3  2 	# rs6905196
 0.2809 0.7191
3  2 	# rs6939307
 0.0281 0.9719
3  2 	# rs2571591
 0.4944 0.5056
3  2 	# rs9388717
 0.3146 0.6854
3  2 	# rs12210003
 0.0674 0.9326
3  2 	# rs7753327
 0.2697 0.7303
3  2 	# rs17469847
 0.0618 0.9382
3  2 	# rs4897336
 0.4045 0.5955
3  2 	# rs4895856
 0.1292 0.8708
3  2 	# rs9492408
 0.0056 0.9944
3  2 	# rs1577910
 0.4607 0.5393
3  2 	# rs1544144
 0.2022 0.7978
3  2 	# rs4897370
 0.4494 0.5506
3  2 	# rs2326951
 0.4270 0.5730
3  2 	# rs12206915
 0.4438 0.5562
3  2 	# rs13218932
 0.0562 0.9438
3  2 	# rs12197132
 0.2303 0.7697
3  2 	# rs1203356
 0.4888 0.5112
3  2 	# rs9321242
 0.1854 0.8146
3  2 	# rs4895890
 0.2360 0.7640
3  2 	# rs9402269
 0.0618 0.9382
3  2 	# rs12210303
 0.4270 0.5730
3  2 	# rs9375791
 0.2247 0.7753
3  2 	# rs497082
 0.3864 0.6136
3  2 	# rs1746469
 0.2303 0.7697
3  2 	# rs9483246
 0.2528 0.7472
3  2 	# rs11965227
 0.0899 0.9101
3  2 	# rs2179771
 0.1742 0.8258
3  2 	# rs9493012
 0.0225 0.9775
3  2 	# rs9493050
 0.3427 0.6573
3  2 	# rs7759504
 0.4438 0.5562
3  2 	# rs766592
 0.1629 0.8371
3  2 	# rs6926970
 0.0618 0.9382
3  2 	# rs7754561
 0.4551 0.5449
3  2 	# rs9373002
 0.2416 0.7584
3  2 	# rs6940184
 0.3539 0.6461
3  2 	# rs928501
 0.0899 0.9101
3  2 	# rs1206737
 0.2247 0.7753
3  2 	# rs12529280
 0.3090 0.6910
3  2 	# rs3927419
 0.3371 0.6629
3  2 	# rs604196
 0.3315 0.6685
3  2 	# rs13196312
 0.1910 0.8090
3  2 	# rs9385608
 0.3989 0.6011
3  2 	# rs1044083
 0.1685 0.8315
3  2 	# rs2153177
 0.2640 0.7360
3  2 	# rs4305745
 0.3539 0.6461
3  2 	# rs7759004
 0.0899 0.9101
3  2 	# rs2745432
 0.0787 0.9213
3  2 	# rs6569828
 0.2921 0.7079
3  2 	# rs7738071
 0.0562 0.9438
3  2 	# rs6904471
 0.1517 0.8483
3  2 	# rs271167
 0.2978 0.7022
3  2 	# rs12196256
 0.1573 0.8427
3  2 	# rs17062270
 0.3989 0.6011
3  2 	# rs211605
 0.3989 0.6011
3  2 	# rs211598
 0.0899 0.9101
3  2 	# rs568911
 0.4270 0.5730
3  2 	# rs6911166
 0.0393 0.9607
3  2 	# rs1878551
 0.1742 0.8258
3  2 	# rs9389095
 0.1629 0.8371
3  2 	# rs2209044
 0.1180 0.8820
3  2 	# rs2327429
 0.4775 0.5225
3  2 	# rs228859
 0.2247 0.7753
3  2 	# rs229904
 0.0843 0.9157
3  2 	# rs11154757
 0.2809 0.7191
3  2 	# rs2254235
 0.2247 0.7753
3  2 	# rs7738638
 0.0449 0.9551
3  2 	# rs7741722
 0.3090 0.6910
3  2 	# rs4645436
 0.2921 0.7079
3  2 	# rs9402571
 0.4270 0.5730
3  2 	# rs1763527
 0.1364 0.8636
3  2 	# rs4896028
 0.2472 0.7528
3  2 	# rs4896032
 0.4719 0.5281
3  2 	# rs10485350
 0.0281 0.9719
3  2 	# rs736476
 0.3371 0.6629
3  2 	# rs4896044
 0.2584 0.7416
3  2 	# rs6908662
 0.0787 0.9213
3  2 	# rs4896067
 0.2247 0.7753
3  2 	# rs228420
 0.0730 0.9270
3  2 	# rs4896079
 0.1067 0.8933
3  2 	# rs7757871
 0.4607 0.5393
3  2 	# rs9402653
 0.3876 0.6124
3  2 	# rs9385710
 0.2753 0.7247
3  2 	# rs11754504
 0.4607 0.5393
3  2 	# rs17064262
 0.1685 0.8315
3  2 	# rs210937
 0.4831 0.5169
3  2 	# rs2207000
 0.0730 0.9270
3  2 	# rs2143681
 0.2640 0.7360
3  2 	# rs9399161
 0.4438 0.5562
3  2 	# rs6570047
 0.1461 0.8539
3  2 	# rs9402774
 0.3933 0.6067
3  2 	# rs7752169
 0.4438 0.5562
3  2 	# rs4896185
 0.4719 0.5281
3  2 	# rs6921041
 0.3966 0.6034
3  2 	# rs9494464
 0.1854 0.8146
3  2 	# rs797553
 0.0899 0.9101
3  2 	# rs3799462
 0.1067 0.8933
3  2 	# rs6917580
 0.4157 0.5843
3  2 	# rs2237270
 0.3933 0.6067
3  2 	# rs9376221
 0.1180 0.8820
3  2 	# rs911182
 0.4663 0.5337
3  2 	# rs3734552
 0.4270 0.5730
3  2 	# rs6570118
 0.4326 0.5674
3  2 	# rs1935743
 0.1742 0.8258
3  2 	# rs6935119
 0.1854 0.8146
3  2 	# rs1744061
 0.1011 0.8989
3  2 	# rs276550
 0.2640 0.7360
3  2 	# rs276467
 0.1573 0.8427
3  2 	# rs9376267
 0.3933 0.6067
3  2 	# rs17321070
 0.0511 0.9489
3  2 	# rs2797667
 0.1854 0.8146
3  2 	# rs9402884
 0.2753 0.7247
3  2 	# rs1591208
 0.3034 0.6966
3  2 	# rs7767115
 0.4494 0.5506
3  2 	# rs9321619
 0.3596 0.6404
3  2 	# rs487438
 0.3202 0.6798
3  2 	# rs6917441
 0.4775 0.5225
3  2 	# rs643746
 0.2022 0.7978
3  2 	# rs657597
 0.2191 0.7809
3  2 	# rs7755566
 0.1798 0.8202
3  2 	# rs6931591
 0.0955 0.9045
3  2 	# rs7768419
 0.0506 0.9494
3  2 	# rs4479955
 0.1404 0.8596
3  2 	# rs9389549
 0.2303 0.7697
3  2 	# rs648396
 0.3933 0.6067
3  2 	# rs9494937
 0.3820 0.6180
3  2 	# rs4896325
 0.4775 0.5225
3  2 	# rs203146
 0.2921 0.7079
3  2 	# rs203142
 0.0618 0.9382
3  2 	# rs6570234
 0.1180 0.8820
 0 0
 0.1  0.000636  0.000621  0.000822  0.000533  0.000961  0.000647  0.001468  0.001127  0.001393  0.000678  0.002118  0.000933  0.000660  0.000951  0.000521  0.000544  0.000666  0.000698  0.002451  0.000518  0.002103  0.001853  0.000504  0.000501  0.000807  0.000694  0.000502  0.001569  0.000507  0.001167  0.000525  0.001405  0.001616  0.001842  0.001780  0.000587  0.000547  0.000645  0.001061  0.001530  0.001523  0.000978  0.000672  0.000533  0.000626  0.001186  0.001191  0.000521  0.000575  0.003007  0.000609  0.000540  0.000642  0.000507  0.000537  0.001835  0.000834  0.000733  0.001025  0.000557  0.000510  0.000936  0.000851  0.000580  0.000524  0.000733  0.000893  0.000597  0.001442  0.000534  0.000677  0.001529  0.000606  0.000687  0.000525  0.001279  0.000833  0.001407  0.000679  0.001094  0.000701  0.001787  0.001128  0.000520  0.000880  0.000511  0.001320  0.001614  0.000892  0.000532  0.001020  0.000511  0.001629  0.000655  0.000607  0.000528  0.001001  0.000532  0.001377  0.000565  0.000848  0.000765  0.000713  0.000937  0.000679  0.000514  0.000605  0.000820  0.001233  0.000523  0.000554  0.001649  0.001365  0.000738  0.001747  0.001600  0.000601  0.001488  0.001084  0.000519  0.000528  0.000564  0.000524  0.000500  0.000596  0.000526  0.001311  0.000816  0.000817  0.000502  0.000688  0.001042  0.001579  0.000560  0.001449  0.001966  0.000937  0.000934  0.001147  0.000833  0.000687  0.001386  0.001018  0.001480  0.000617  0.000508  0.001320  0.000536  0.000776  0.000893  0.001402  0.000576  0.000500  0.000531  0.000906  0.001449  0.000504  0.000559  0.000746  0.000593  0.001785  0.000595  0.001786  0.000998  0.001377  0.000565  0.000518  0.000841  0.001668  0.000512  0.000509  0.000525  0.001894  0.000836  0.000599  0.000545  0.000512  0.001132  0.001504  0.001345  0.001483  0.001820  0.001054  0.000900  0.000529  0.000509  0.000563  0.000611  0.000762  0.000541  0.000922  0.000951  0.001648  0.000777  0.000708  0.000764  0.001104  0.001413  0.000698
 1      2.0  1.0
