#Chr    Genpos       Marker     Physpos    Nr
 06  39.98931773  rs11964747   20593877    1
 06  40.05333640   rs6904566   20643949    2
 06  40.10853087   rs7756992   20787688    3
 06  40.17037381   rs9465874   20845333    4
 06  40.24368248   rs7775523   21063311    5
 06  40.29441910    rs201301   21138132    6
 06  40.36752450   rs9358391   21215088    7
 06  40.47901475   rs9465991   21299907    8
 06  40.53154807   rs4710966   21336867    9
 06  40.61887304  rs12202180   21345585   10
 06  40.82846281    rs807846   21406055   11
 06  40.88867920  rs12192730   21435600   12
 06  40.95076952   rs6920208   21494858   13
 06  41.00523728   rs6904446   21547322   14
 06  41.25342381   rs4236005   21597726   15
 06  41.30654142   rs1744867   21742150   16
 06  41.48580664   rs1555529   21799683   17
 06  41.53597389   rs9358448   21839715   18
 06  41.68597742  rs17198823   21922476   19
 06  41.74236681   rs4712642   21991656   20
 06  41.79454380  rs12524124   22051921   21
 06  41.84992477  rs13212670   22077474   22
 06  41.91410775  rs11755535   22080779   23
 06  41.96702084    rs867863   22142419   24
 06  42.17627790    rs610499   22154509   25
 06  42.34872023    rs196038   22177949   26
 06  42.41848435   rs9466269   22244388   27
 06  42.62961853   rs4712661   22298317   28
 06  42.78534810   rs7749084   22310658   29
 06  42.85669348   rs9368429   22340904   30
 06  42.92670152  rs16885931   22374148   31
 06  43.00300568   rs2066266   22378099   32
 06  43.09858599   rs1205960   22396139   33
 06  43.14931480   rs2744143   22470924   34
 06  43.20150354  rs10456256   22554264   35
 06  43.27006338   rs9460748   22603159   36
 06  43.32646702   rs6934462   22689017   37
 06  43.37992325  rs11752967   22795477   38
 06  43.43619135   rs7752736   22846710   39
 06  43.52088895   rs4510658   22863298   40
 06  43.57825827   rs1018401   22954031   41
 06  43.62885412   rs2254032   22993654   42
 06  43.69292720   rs4712728   23050192   43
 06  43.75287958  rs13214549   23142963   44
 06  43.81912260  rs13200541   23262881   45
 06  43.89184313   rs9393377   23306083   46
 06  43.95965408   rs7763770   23313308   47
 06  44.01175012   rs9379482   23316883   48
 06  44.11422884   rs7774358   23372817   49
 06  44.17853641   rs9348557   23386072   50
 06  44.23565549   rs9460868   23443450   51
 06  44.45618920   rs6932335   23509261   52
 06  44.66211611    rs943068   23527622   53
 06  44.72815079    rs926453   23550208   54
 06  44.78035580    rs199055   23598096   55
 06  44.91192282    rs199107   23614667   56
 06  44.96615192    rs197951   23677894   57
 06  45.01940474    rs197979   23700327   58
 06  45.17904364    rs197999   23708213   59
 06  45.25919606   rs7742637   23763208   60
 06  45.72579995    rs766978   23788094   61
 06  45.77895836   rs9348611   23921114   62
 06  45.94415809    rs474833   24023849   63
 06  46.04470198    rs528715   24052108   64
 06  46.14299758    rs573863   24080365   65
 06  46.27892846  rs17529740   24125887   66
 06  46.40299584   rs6933683   24213294   67
 06  46.47838049   rs6924184   24259374   68
 06  46.53656018    rs793839   24336664   69
 06  46.60620769  rs12192603   24450350   70
 06  46.67686673   rs1772253   24528213   71
 06  46.72990140   rs2328824   24615740   72
 06  46.78123727  rs12193738   24676372   73
 06  46.92663907   rs4576240   24704457   74
 06  46.98665473   rs1061925   24773986   75
 06  47.04862538   rs9358796   24866803   76
 06  47.10796769   rs9379692   24917750   77
 06  47.20268582   rs4437459   24964302   78
 06  47.25672415    rs606162   25034709   79
 06  47.41883211    rs396599   25067823   80
 06  47.58445167    rs303898   25147581   81
 06  47.65205390   rs6941417   25260653   82
 06  47.72470423  rs13198274   25286969   83
 06  47.78155992    rs769108   25353659   84
 06  47.83613250  rs16890377   25433387   85
 06  47.91563009   rs2206194   25448461   86
 06  47.97722326   rs6912426   25517764   87
 06  48.12054847   rs9461167   25526550   88
 06  48.20818774    rs301395   25594605   89
 06  48.25924571   rs7765813   25732374   90
 06  48.35511603   rs4409177   25802470   91
 06  48.40539350   rs9393672   25950584   92
 06  48.45684595   rs2237231   26125150   93
 06  48.51943098   rs9379827   26261314   94
 06  48.58264371   rs7773004   26375734   95
 06  48.70102733   rs9461245   26462551   96
 06  48.75490041  rs12205310   26713843   97
 06  48.80784792    rs858972   27262340   98
 06  48.86409521   rs2235232   27434842   99
 06  48.92124458   rs9295750   27892407  100
 06  48.97310819   rs1150704   28292350  101
 06  49.02893690   rs2859356   28573334  102
 06  49.08083267   rs1233602   28841382  103
 06  49.13667521    rs720831   29392497  104
 06  49.18895665   rs1362073   29491299  105
 06  49.24982281    rs388234   29641274  106
 06  49.30478732   rs3131854   29719864  107
 06  49.36345433   rs2735048   29841680  108
 06  49.42082656   rs9258631   29929272  109
 06  49.54455630   rs2735085   30035074  110
 06  49.59499822   rs4313034   30081904  111
 06  49.65321472   rs3132123   30184405  112
 06  49.70490600   rs3132659   30339309  113
 06  49.75516980   rs1264551   30485152  114
 06  49.81035184   rs1264423   30679450  115
 06  49.87093305   rs2394401   30832409  116
 06  49.99395428   rs2517580   30918035  117
 06  50.05445582   rs9368649   31046862  118
 06  50.10449862   rs6457300   31106721  119
 06  50.15572705   rs6917517   31190340  120
 06  50.21339881   rs3094663   31215066  121
 06  50.26405499   rs6928399   31303197  122
 06  50.31584394   rs9394047   31344229  123
 06  50.39474727   rs3873386   31381724  124
 06  50.48116983   rs2844571   31443626  125
 06  50.53800232   rs1051794   31487088  126
 06  50.61797242   rs2596449   31546369  127
 06  50.66803653   rs2239709   31615426  128
 06  50.77777780   rs2857697   31693198  129
 06  50.83519700   rs9267677   32000620  130
 06  50.89063722   rs3134608   32225949  131
 06  50.97535151   rs9378123   32304842  132
 06  51.02735210   rs2894239   32323774  133
 06  51.08008944   rs9268403   32449451  134
 06  51.13116356   rs3129868   32512355  135
 06  51.18223998   rs9270986   32682038  136
 06  51.25842078   rs6457617   32771829  137
 06  51.33596327   rs6935940   32791669  138
 06  51.40728678   rs9276644   32853021  139
 06  51.46221260   rs3819715   32912197  140
 06  51.52170561   rs6457688   32963602  141
 06  51.62845676    rs154972   33008629  142
 06  51.68307203     rs23544   33011615  143
 06  51.85538513   rs2395300   33076254  144
 06  51.93781496   rs9277027   33106216  145
 06  52.04506657    rs422544   33134088  146
 06  52.10458344   rs2395349   33191112  147
 06  52.15720010   rs1003979   33222149  148
 06  52.22331789    rs457565   33323882  149
 06  52.27649301   rs7748370   33572039  150
 06  52.33713272    rs420361   33663882  151
 06  52.38943258   rs6935686   33722105  152
 06  52.44469680  rs11759011   33758790  153
 06  52.51893415   rs1535948   33891861  154
 06  52.63801808   rs9296100   33930843  155
 06  52.71277499   rs6926872   33951737  156
 06  52.85621627   rs9394178   33975439  157
 06  53.05229673   rs9394180   34016116  158
 06  53.10561252   rs4713731   34053899  159
 06  53.41178691   rs9469670   34083788  160
 06  53.46974143   rs2499689   34149284  161
 06  53.52105201   rs1109654   34182441  162
 06  53.68799814   rs7742369   34273699  163
 06  53.75011078  rs10947494   34371721  164
 06  53.80198133   rs9394222   34530332  165
 06  53.85469378   rs3800471   34589118  166
 06  53.91558080   rs4713813   34638143  167
 06  53.99078920   rs2744963   34700709  168
 06  54.05647716   rs2820229   35184054  169
 06  54.11156488   rs1040436   35475887  170
 06  54.23129005   rs7744287   35571180  171
 06  54.34220249   rs1075092   35821404  172
 06  54.40231481   rs7753322   35856064  173
 06  54.48293324   rs9296168   35944683  174
 06  54.53407267  rs11965835   36066849  175
 06  54.60787050   rs1059227   36206388  176
 06  54.73973413   rs9368920   36350295  177
 06  54.78981421   rs9470247   36370461  178
 06  54.85137174   rs4713956   36383436  179
 06  54.99236527   rs1555429   36415148  180
 06  55.19624792   rs2234071   36463350  181
 06  55.32680379   rs1321313   36726799  182
 06  55.37778739   rs6457940   36771335  183
 06  55.42983717   rs9470387   36821836  184
 06  55.72662804   rs9296197   36880521  185
 06  55.77962716   rs1632649   37002655  186
 06  55.90839196    rs707542   37032080  187
 06  55.98090266  rs16868759   37063502  188
 06  56.07621800   rs4714032   37084924  189
 06  56.13184696    rs831486   37109245  190
 06  56.18643639   rs9296211   37171315  191
 06  56.28128755   rs9380645   37210800  192
 06  56.35184702    rs262908   37238260  193
 06  56.41158883  rs16889502   37268027  194
 06  56.46373648   rs9470540   37285761  195
 06  56.61928460   rs2269058   37432835  196
 06  56.69433625   rs2173314   37502851  197
 06  56.74889521  rs17636328   37598509  198
 06  56.80181429  rs11755405   37622081  199
 06  56.85764046   rs9394437   37637812  200
