#Chr    Genpos       Marker     Physpos    Nr
 06  19.96640809    rs197123    7926670    1
 06  20.04373420   rs9379163    8029876    2
 06  20.09394367  rs11243239    8122932    3
 06  20.16660099    rs491511    8138127    4
 06  20.25728673   rs9505400    8190114    5
 06  20.46434845   rs9392985    8211825    6
 06  20.56000049   rs1591996    8291461    7
 06  20.66164222  rs10484750    8323608    8
 06  20.71724641    rs850170    8520283    9
 06  20.88013967   rs7765012    8748041   10
 06  20.99861921   rs9393069    8800947   11
 06  21.14965884   rs4475363    8850428   12
 06  21.21182929   rs4246086    8853959   13
 06  21.26301660   rs9379274    8935206   14
 06  21.44312899  rs11243295    8971670   15
 06  21.52702367  rs12205137    9087016   16
 06  21.87075927   rs1324546    9289558   17
 06  22.20264369   rs1830947    9363486   18
 06  22.25817616   rs7746692    9411993   19
 06  22.31093745   rs2209543    9492979   20
 06  22.36837267   rs2017505    9521187   21
 06  22.55263270   rs7757300    9652130   22
 06  22.65927591   rs1328134    9817926   23
 06  22.71345845   rs1206919    9883326   24
 06  22.82131480   rs6459434    9931770   25
 06  22.87687462   rs9396752   10049209   26
 06  22.93166892    rs201267   10082859   27
 06  22.98788627    rs855397   10156408   28
 06  23.05493206    rs855394   10157703   29
 06  23.13304829   rs4716306   10214453   30
 06  23.45685652   rs6899499   10245086   31
 06  23.52274492   rs1029124   10287352   32
 06  23.58082126   rs6900553   10339911   33
 06  23.76890290   rs1023276   10353746   34
 06  23.84362674  rs12209059   10421650   35
 06  23.89500606   rs9465973   10450154   36
 06  23.99669470   rs3818408   10496639   37
 06  24.09914314   rs1621700   10528084   38
 06  24.17869863   rs9348513   10568359   39
 06  24.25216068   rs3889361   10574024   40
 06  24.31397111    rs502431   10589376   41
 06  24.38254961   rs1226013   10647275   42
 06  24.44572496    rs504083   10649199   43
 06  24.53766738   rs7755748   10708866   44
 06  24.61124165   rs4712802   10750245   45
 06  24.72330042    rs529124   10846799   46
 06  24.77595637    rs478791   10883432   47
 06  24.86291903   rs6456719   10971311   48
 06  24.94707087   rs4711127   11017675   49
 06  25.12000991  rs13214666   11211523   50
 06  25.18705677   rs3798727   11302497   51
 06  25.24004630   rs2182336   11335371   52
 06  25.41723894   rs9393992   11347929   53
 06  25.64998509  rs11964334   11376174   54
 06  25.70414031   rs9791189   11431851   55
 06  25.87424242   rs4713432   11441670   56
 06  25.96204819   rs3798752   11468149   57
 06  26.02363518   rs9461735   11553840   58
 06  26.07957365   rs9469223   11596912   59
 06  26.17299376    rs471693   11728832   60
 06  26.23466434    rs549655   11747990   61
 06  26.34990716   rs3734273   11822792   62
 06  26.46314095   rs6903956   11882569   63
 06  26.52353362   rs2235384   11884617   64
 06  26.63267574   rs4713922   11901183   65
 06  26.73943104   rs9368918   11952670   66
 06  26.93679546   rs9357221   11992976   67
 06  27.11422424    rs169713   12028503   68
 06  27.17812842   rs1570989   12156813   69
 06  27.23509486  rs10947819   12281743   70
 06  27.35563511   rs4714268   12296663   71
 06  27.49420506    rs219988   12317678   72
 06  27.55587351   rs7749495   12348791   73
 06  27.67004416   rs9394696   12370500   74
 06  27.74536824   rs9380978   12394824   75
 06  27.81733481   rs9381015   12423896   76
 06  27.87014121   rs1931550   12470205   77
 06  28.07855668   rs6458229   12484245   78
 06  28.12865951   rs7740766   12531011   79
 06  28.19633492   rs4714604   12566228   80
 06  28.24933337  rs12199205   12619016   81
 06  28.36963265   rs6920298   12629025   82
 06  28.44700622   rs6927364   12703261   83
 06  28.54079115    rs519167   12721217   84
 06  28.61501059    rs475543   12826142   85
 06  28.72004948   rs6458461   12897177   86
 06  28.77751356  rs12528956   12941063   87
 06  28.89625328   rs7454157   13017860   88
 06  28.94869372   rs6922782   13056374   89
 06  29.00491896   rs9463377   13141562   90
 06  29.07269414   rs1223521   13245845   91
 06  29.25000949   rs6458720   13333056   92
 06  29.30133902   rs1512414   13384394   93
 06  29.37746679   rs2496132   13429076   94
 06  29.47356946    rs497505   13463464   95
 06  29.64497248    rs536916   13503537   96
 06  29.72527378    rs551499   13559205   97
 06  29.92137666   rs4712032   13662022   98
 06  29.98078268   rs4715451   13746963   99
 06  30.08080569   rs4715562   13885188  100
 06  30.21515421   rs6899735   13955666  101
 06  30.28710462   rs2274088   14005965  102
 06  30.38255615   rs9382889   14122772  103
 06  30.44558231   rs9476476   14172252  104
 06  30.49783062   rs2092204   14201535  105
 06  30.61728154    rs853372   14251940  106
 06  30.67574089    rs853346   14275177  107
 06  30.79359566   rs2094923   14397061  108
 06  30.90116595   rs7752155   14437626  109
 06  30.95410973    rs737548   14453003  110
 06  31.00831255   rs9476543   14475546  111
 06  31.08025696   rs9367837   14565896  112
 06  31.14291183   rs9396503   14644068  113
 06  31.27717414   rs9370770   14732194  114
 06  31.33326705   rs7747013   14755743  115
 06  31.73171365    rs764650   14820472  116
 06  31.91659239   rs9476648   14851762  117
 06  31.99892092   rs2500081   14880876  118
 06  32.12755099    rs233494   14913493  119
 06  32.20501481   rs6908102   15034299  120
 06  32.26683365   rs6902553   15085185  121
 06  32.46942062   rs2179990   15142268  122
 06  32.73073293   rs6941421   15197130  123
 06  32.78308618   rs9464779   15362784  124
 06  32.84964325  rs13195345   15472409  125
 06  32.90240812   rs2235258   15621461  126
 06  32.97689509   rs2031819   15805095  127
 06  33.03015638   rs1109287   15868623  128
 06  33.16173232    rs522264   15928404  129
 06  33.21182331   rs9296994   16039517  130
 06  33.28157602   rs1891518   16078784  131
 06  33.33587266  rs10498686   16115914  132
 06  33.39152967   rs7767544   16183915  133
 06  33.45878346   rs6459448   16206269  134
 06  33.51507970   rs3757354   16235386  135
 06  33.56569549   rs7742617   16264783  136
 06  33.65194475   rs7748814   16311303  137
 06  33.75991626    rs179993   16429771  138
 06  33.87675158   rs2237217   16484603  139
 06  33.98440492    rs404143   16518165  140
 06  34.06329152  rs10484363   16557283  141
 06  34.22763229   rs2299088   16624171  142
 06  34.29503093   rs9396682   16660781  143
 06  34.35045225   rs9477166   16673171  144
 06  34.40453090    rs236981   16699739  145
 06  34.52119666   rs2299070   16735234  146
 06  34.58211314   rs1359067   16804703  147
 06  34.67300673    rs666215   16813630  148
 06  34.75341421    rs707848   16820637  149
 06  34.83165018    rs623897   16877777  150
 06  34.89208909    rs602206   16881361  151
 06  35.11838440   rs1150644   16922283  152
 06  35.32562069    rs927366   17035508  153
 06  35.41248613   rs7755677   17120649  154
 06  35.46380610   rs4360123   17174332  155
 06  35.51723776   rs6914177   17223627  156
 06  35.57823483  rs13217920   17360321  157
 06  35.65977206  rs12216482   17433584  158
 06  35.73870350   rs7773313   17494874  159
 06  35.85397581   rs1555111   17503791  160
 06  35.95289932  rs10807611   17602327  161
 06  36.00990973   rs6925145   17658137  162
 06  36.07992648   rs7743695   17833162  163
 06  36.35638962   rs4712311   17886695  164
 06  36.41616860   rs7766167   18129054  165
 06  36.54024513   rs4294009   18214055  166
 06  36.59072594    rs214596   18316298  167
 06  36.70959112    rs214506   18329450  168
 06  36.80009906   rs1408263   18515722  169
 06  36.90246268   rs4716273   18605757  170
 06  36.95511703   rs1474618   18763549  171
 06  37.00552453   rs9477837   18824800  172
 06  37.07595388   rs6911193   18970761  173
 06  37.13464553   rs9368028   19146111  174
 06  37.18657455   rs9366275   19304470  175
 06  37.24725132   rs9465274   19318396  176
 06  37.30309324   rs6911832   19467133  177
 06  37.35315403   rs6905315   19526102  178
 06  37.53179043   rs4235993   19563856  179
 06  37.76523567    rs760669   19669966  180
 06  37.89353413   rs2328483   19736319  181
 06  38.10847218  rs17547028   19785891  182
 06  38.15856048   rs9465498   19814532  183
 06  38.37475533   rs1047033   19948471  184
 06  38.49557316  rs11754400   19956524  185
 06  38.56182470   rs2328421   20006749  186
 06  38.71745353    rs499899   20109726  187
 06  38.77572684    rs562646   20121370  188
 06  38.82613273    rs602640   20165309  189
 06  38.87710314   rs9348410   20205942  190
 06  39.00923802  rs16883364   20227014  191
 06  39.06503829   rs1202196   20252769  192
 06  39.24494843    rs586124   20279905  193
 06  39.30288551   rs9465656   20308643  194
 06  39.59497894   rs7746765   20353997  195
 06  39.67175808   rs1887476   20373944  196
 06  39.72209513   rs2208438   20454174  197
 06  39.79283215   rs1570155   20490579  198
 06  39.90341546    rs746720   20525955  199
 06  39.98931773  rs11964747   20593877  200
