#Chr    Genpos       Marker     Physpos    Nr
 06  143.36825732   rs6570234  138781694    1
 06  143.44301358   rs4895527  138807940    2
 06  143.64379457   rs4896370  138860530    3
 06  143.73142883   rs9389586  138865241    4
 06  143.78463607   rs6570242  138882850    5
 06  143.83950402   rs9495144  138942628    6
 06  143.95148286   rs4896381  139037847    7
 06  144.06339041  rs10457675  139092641    8
 06  144.11916476    rs911081  139171906    9
 06  144.18904551   rs9399258  139209272   10
 06  144.24625077   rs6933108  139241583   11
 06  144.30396594   rs9403023  139361410   12
 06  144.38248809   rs6918066  139399308   13
 06  144.44572024  rs10872502  139443167   14
 06  144.52169927  rs17304375  139477571   15
 06  144.69529386   rs7770356  139590739   16
 06  144.86171115   rs9321711  139605315   17
 06  144.94161101   rs9376406  139659446   18
 06  145.29724950   rs4243461  139711824   19
 06  145.55877657   rs9373237  139758634   20
 06  145.61212275   rs2058472  139796819   21
 06  145.69005356   rs7766444  139848440   22
 06  145.78699024   rs7759066  139889414   23
 06  145.84454667   rs2057034  139939760   24
 06  145.90169197   rs1936211  140002345   25
 06  145.95324078   rs9403101  140030709   26
 06  146.01208746   rs6570376  140198635   27
 06  146.06214807   rs1028471  140304834   28
 06  146.11253392   rs9321772  140904839   29
 06  146.16324923   rs1856384  141255989   30
 06  146.21841661   rs4385332  141484518   31
 06  146.26883644   rs9376609  141713425   32
 06  146.32074357  rs13201721  141841227   33
 06  146.40652630   rs6913816  142080058   34
 06  146.48140929   rs7758295  142260910   35
 06  146.72401551   rs9385984  142364149   36
 06  146.77640983   rs7765914  142602000   37
 06  146.87376065   rs9376683  142668392   38
 06  146.99067670   rs9403384  142751294   39
 06  147.12118757    rs263156  142949208   40
 06  147.24800611   rs9496445  143089591   41
 06  147.42402984    rs197508  143139186   42
 06  147.53542269  rs12205042  143256522   43
 06  147.59511898   rs2095369  143311909   44
 06  147.64728378   rs1041654  143331054   45
 06  147.70859581    rs199248  143376686   46
 06  147.79352391   rs7774011  143423803   47
 06  147.84896184   rs3804528  143441785   48
 06  147.93864091   rs7740214  143586340   49
 06  147.98895382   rs1570350  143634079   50
 06  148.22475660   rs9376748  143768390   51
 06  148.28054496   rs1038390  143868795   52
 06  148.33475497   rs7745861  143885055   53
 06  148.38790466   rs9403515  143949706   54
 06  148.43964569   rs9403523  144046674   55
 06  148.50742355   rs1015341  144077157   56
 06  148.61486721   rs9403527  144089526   57
 06  148.70459566   rs7742964  144147096   58
 06  148.78263742  rs12197107  144194695   59
 06  148.83498008   rs9403539  144306059   60
 06  148.99651398   rs9321951  144319261   61
 06  149.05612547   rs6929066  144444638   62
 06  149.12426618  rs12208207  144499592   63
 06  149.18890051   rs4896703  144539270   64
 06  149.27314618   rs4896706  144560843   65
 06  149.42723376    rs636408  144652126   66
 06  149.47837994   rs6904422  144741424   67
 06  149.54945443   rs4895642  144800492   68
 06  149.86919719   rs9496982  144848384   69
 06  149.91991205  rs10434890  145000349   70
 06  149.98138668   rs9321987  145071977   71
 06  150.03251722   rs2297846  145189804   72
 06  150.08996753   rs2050719  145295639   73
 06  150.20474799   rs6913592  145371313   74
 06  150.26069664    rs649933  145475150   75
 06  150.39812056   rs7768714  145559924   76
 06  150.44930518   rs2038473  145627174   77
 06  150.50138881    rs581129  145690019   78
 06  150.58400228   rs6910793  145842608   79
 06  150.64627928   rs4896857  146488865   80
 06  150.75361255     rs56566  146710738   81
 06  150.80555842    rs362856  146761576   82
 06  150.85940925   rs9497566  146890976   83
 06  150.92432382   rs9386161  146982009   84
 06  151.00560374    rs973572  147022940   85
 06  151.17617497   rs6911012  147062302   86
 06  151.29118252   rs9377026  147167286   87
 06  151.34902973  rs17551120  147275677   88
 06  151.43407729  rs12665649  147288187   89
 06  151.48880927   rs9485147  147505132   90
 06  151.57553262    rs649544  147528226   91
 06  151.64334958    rs642527  147779839   92
 06  151.70126405    rs634753  147844986   93
 06  151.94925647   rs9403860  147901099   94
 06  152.00156129    rs844569  147954137   95
 06  152.05158804   rs6935781  147992602   96
 06  152.12158954   rs9390491  148034747   97
 06  152.21644309   rs6914269  148066362   98
 06  152.27185907   rs7755031  148142806   99
 06  152.44960200   rs3861426  148225792  100
 06  152.51070098   rs6904457  148316304  101
 06  152.56130139   rs1404484  148370060  102
 06  152.67326727   rs7765680  148489577  103
 06  152.83909090   rs6920454  148549841  104
 06  152.95799963   rs9390549  148624458  105
 06  153.03824889   rs6918668  148679804  106
 06  153.13381088   rs4537167  148732457  107
 06  153.21373721  rs17635342  148771711  108
 06  153.33713932   rs9322150  148820373  109
 06  153.44912648   rs1883625  148834310  110
 06  153.55711825  rs11751252  148872846  111
 06  153.68647157      rs8641  148911603  112
 06  153.77327069    rs208699  148943844  113
 06  154.01083222   rs1570363  148966491  114
 06  154.07155943   rs7356870  149079773  115
 06  154.17298473   rs9498147  149115922  116
 06  154.29367622   rs9390610  149154879  117
 06  154.35540313    rs900475  149173045  118
 06  154.49885353   rs9485337  149244569  119
 06  154.67556794  rs12192351  149266321  120
 06  154.76589051  rs11155607  149288095  121
 06  154.90312124   rs9386240  149320881  122
 06  154.95484903   rs2500548  149378047  123
 06  155.01200240   rs7761698  149483938  124
 06  155.06698852   rs7766009  149555212  125
 06  155.11989215   rs4897097  149615521  126
 06  155.22714807    rs610707  149656411  127
 06  155.28309627   rs2179367  149804230  128
 06  155.33699400   rs4897127  149849216  129
 06  155.42491276   rs6925151  150252416  130
 06  155.52525309   rs9479184  150303054  131
 06  155.58635763   rs4870174  150345094  132
 06  155.64818476   rs9383633  150360044  133
 06  155.70304615    rs789830  150449789  134
 06  155.76159949   rs7743003  150488835  135
 06  155.82362236   rs6557340  150519393  136
 06  155.91115106   rs9397722  150543740  137
 06  156.04813106    rs926930  150577395  138
 06  156.12693690  rs12212378  150631164  139
 06  156.17966208   rs9397821  150649831  140
 06  156.42010092   rs1890522  150685423  141
 06  156.47273611    rs688015  150717523  142
 06  156.52879520    rs671675  150728867  143
 06  156.66875700    rs652800  150783129  144
 06  156.73379522   rs7751747  150803621  145
 06  156.78594747   rs9480467  150861091  146
 06  156.85101645   rs1492576  150950306  147
 06  156.91728730   rs6904488  150966310  148
 06  156.97037371   rs6557548  150994462  149
 06  157.05618428   rs7738394  151048617  150
 06  157.10977425   rs4449641  151078143  151
 06  157.16112924  rs13198996  151108967  152
 06  157.21832854   rs9383848  151162379  153
 06  157.35146416    rs712213  151174621  154
 06  157.40493080   rs6917461  151197034  155
 06  157.52794544   rs2073063  151240764  156
 06  157.67076568    rs803420  151261107  157
 06  157.91001920   rs1474787  151295075  158
 06  157.96007526    rs803470  151312188  159
 06  158.10104737    rs505358  151369541  160
 06  158.18382912   rs6914261  151414076  161
 06  158.31241880   rs4869988  151474178  162
 06  158.36652456   rs6924562  151508875  163
 06  158.50321050   rs1535831  151538033  164
 06  158.63777780   rs6557123  151605268  165
 06  158.68988801   rs9383562  151624325  166
 06  158.79050753   rs2294794  151669255  167
 06  158.92641727  rs12210237  151681292  168
 06  159.06830006    rs222575  151701171  169
 06  159.12593688   rs6904364  151795966  170
 06  159.17922754  rs17054385  151895787  171
 06  159.26526557   rs9397433  151961125  172
 06  159.31625701   rs7752591  151988761  173
 06  159.41296322   rs3020333  152051947  174
 06  159.50125107   rs1285057  152145485  175
 06  159.58821053  rs17081685  152158348  176
 06  159.65086214  rs11155819  152241052  177
 06  159.70573893   rs6912184  152301899  178
 06  159.79428382   rs9340944  152355411  179
 06  159.99746283   rs2813544  152467275  180
 06  160.14799870   rs9397085  152520513  181
 06  160.33377999   rs2813497  152529523  182
 06  160.41156525   rs6900213  152563648  183
 06  160.62097209   rs9397493  152584561  184
 06  160.67392468   rs1951925  152666392  185
 06  160.78461309   rs9397095  152682218  186
 06  160.83610858   rs9478320  152713168  187
 06  160.92172998   rs9942542  152753995  188
 06  161.01486391   rs9383626  152917555  189
 06  161.06495202   rs1028651  152979558  190
 06  161.11574224    rs680314  153107771  191
 06  161.29251474    rs612400  153142937  192
 06  161.39732704  rs13205491  153192872  193
 06  161.45020439    rs874302  153332581  194
 06  161.52874323   rs1292829  153393849  195
 06  161.58538574   rs1281958  153499373  196
 06  161.64853714  rs12663474  153555263  197
 06  161.73333268   rs6929221  153601570  198
 06  161.78569789   rs9397597  153642378  199
 06  161.92696343   rs2185276  153707953  200
