#Chr    Genpos       Marker     Physpos    Nr
 06   0.00382472   rs7774353     100815    1
 06   0.17445602   rs9501714     135248    2
 06   0.24699968   rs6920539     151528    3
 06   0.32834839    rs727056     170044    4
 06   0.37957253   rs9328070     179871    5
 06   0.46515165   rs1150764     229613    6
 06   0.79842512   rs2797307     339293    7
 06   0.85224030   rs9378808     366317    8
 06   0.94796450   rs4275100     412414    9
 06   1.03674330   rs6597037     418248   10
 06   1.20348846   rs9504180     463059   11
 06   1.26449678   rs2073009     517480   12
 06   1.31709189   rs4960096     551568   13
 06   1.37671000   rs7454457     613627   14
 06   1.43685396   rs2788222     660282   15
 06   1.51365469   rs1933652     686043   16
 06   1.58346903   rs9392857     709818   17
 06   1.64660239   rs7761470     756952   18
 06   1.73224451   rs4959455     772388   19
 06   1.83359812   rs7770224     785475   20
 06   1.91605001   rs9378518     806084   21
 06   2.06020929   rs2784968     848764   22
 06   2.14933125  rs11755910     917155   23
 06   2.20046342    rs845896     953959   24
 06   2.26629783   rs1764123     973789   25
 06   2.34875958  rs11966212    1001155   26
 06   2.45620128   rs2143396    1008883   27
 06   2.51009981   rs9391899    1032864   28
 06   2.68257358   rs6915235    1080502   29
 06   2.73737086   rs7454978    1094700   30
 06   2.83663270   rs1161761    1112422   31
 06   2.88769867    rs238051    1177766   32
 06   3.00793790    rs238074    1193169   33
 06   3.09133379   rs2496281    1215046   34
 06   3.41928465  rs10793833    1235388   35
 06   3.52493544    rs893235    1254918   36
 06   3.57700055   rs1737766    1306843   37
 06   3.63159076  rs10498654    1319276   38
 06   3.75459954   rs9405137    1330258   39
 06   3.87383005   rs2293783    1340042   40
 06   3.95557430   rs9378623    1357673   41
 06   4.02786400  rs10458124    1388098   42
 06   4.18567022   rs2816272    1409678   43
 06   4.34565377   rs9378296    1427076   44
 06   4.40591268   rs7763653    1451179   45
 06   4.45615176   rs2569865    1474786   46
 06   4.53762165   rs6916316    1527558   47
 06   4.69445154    rs742554    1534001   48
 06   4.87581965   rs2745593    1548401   49
 06   5.04932069   rs9405142    1577298   50
 06   5.17528499   rs9503013    1652398   51
 06   5.23206145   rs3800032    1682096   52
 06   5.32470363   rs2318089    1720435   53
 06   5.46128830   rs3823269    1726166   54
 06   5.52858889   rs6919059    1729095   55
 06   5.60711921   rs3778530    1768731   56
 06   5.75821202   rs3800091    1782827   57
 06   5.80884056  rs11242725    1871649   58
 06   5.89992056   rs9503076    1984026   59
 06   5.97101267   rs6908269    2150805   60
 06   6.02140092  rs12193414    2238019   61
 06   6.07846150  rs11242772    2389221   62
 06   6.27874464   rs7772576    2409384   63
 06   6.43485027   rs1772987    2457074   64
 06   6.48560695   rs2449447    2500245   65
 06   6.69660995   rs6918808    2553994   66
 06   6.75222655   rs9328113    2616993   67
 06   6.81644699   rs9503260    2650015   68
 06   6.98342399   rs2296355    2694660   69
 06   7.03503387    rs160690    2744059   70
 06   7.23780176    rs316339    2783045   71
 06   7.31739748  rs12530071    2831066   72
 06   7.47653687    rs318491    2843595   73
 06   7.54135681  rs11242810    2882346   74
 06   7.59403903   rs2295769    2900801   75
 06   7.65357871   rs4149360    2951806   76
 06   7.71311186   rs7761969    2994981   77
 06   7.96545846   rs7739011    3057529   78
 06   8.01800021   rs9501935    3119946   79
 06   8.12433167  rs11242827    3150433   80
 06   8.42840456   rs4959232    3247216   81
 06   8.53244467  rs10498660    3288543   82
 06   8.84844215   rs6923735    3362642   83
 06   8.90721705   rs7775474    3413223   84
 06   8.99073145  rs10900943    3426312   85
 06   9.09837556   rs4959848    3466102   86
 06   9.15867697   rs6905808    3512554   87
 06   9.32532980   rs9638039    3519453   88
 06   9.39751990   rs9392512    3581410   89
 06   9.45056849    rs226924    3646643   90
 06   9.55884741   rs9392005    3657110   91
 06   9.63395899   rs9503728    3707271   92
 06   9.68667942   rs9502072    3734180   93
 06   9.74936465   rs2326364    3775848   94
 06   9.87549659   rs2252854    3804095   95
 06  10.11996431   rs4959883    3840913   96
 06  10.17666489   rs4074617    3858629   97
 06  10.23181801   rs4959264    3895673   98
 06  10.32202375   rs4959265    3902628   99
 06  10.53661509   rs9405214    3908840  100
 06  10.60311584   rs6938648    3954503  101
 06  10.65563066    rs626080    4046566  102
 06  10.71579686  rs13206717    4099017  103
 06  10.77351614   rs9378848    4122526  104
 06  10.83414274   rs1999022    4242285  105
 06  11.03664146   rs9392582    4283840  106
 06  11.12315827    rs339294    4340503  107
 06  11.17495921   rs7762514    4407170  108
 06  11.22722518   rs1265242    4440015  109
 06  11.31843518   rs6926616    4459474  110
 06  11.37483958   rs4960005    4535546  111
 06  11.60714617    rs234427    4574653  112
 06  11.75899221   rs9378408    4606843  113
 06  11.83309450   rs4959312    4646143  114
 06  11.99076197   rs1849564    4656061  115
 06  12.13673359   rs3812183    4660881  116
 06  12.49581098   rs4502986    4707143  117
 06  12.55516088   rs6918380    4732499  118
 06  12.62772407   rs1417657    4849379  119
 06  12.70349643   rs3804547    4881862  120
 06  12.78578329    rs431060    4949595  121
 06  12.99723920   rs1246996    5004244  122
 06  13.07258308    rs421473    5046519  123
 06  13.15281044  rs11242995    5107329  124
 06  13.22374580   rs9392671    5252431  125
 06  13.31577551   rs6932040    5324524  126
 06  13.37597430    rs414830    5397657  127
 06  13.50912416    rs191833    5427596  128
 06  13.55956067   rs7774359    5431253  129
 06  13.72178404   rs9405272    5446388  130
 06  13.85604328   rs6937827    5496231  131
 06  13.91781842   rs9504439    5539198  132
 06  13.97316479  rs11962015    5563986  133
 06  14.03964375   rs4959341    5567231  134
 06  14.20258607  rs10484314    5593086  135
 06  14.28373256  rs12190311    5610386  136
 06  14.36604832  rs13210778    5655227  137
 06  14.42492710   rs6926774    5677819  138
 06  14.51554325   rs6911736    5696268  139
 06  14.75042663   rs9502340    5745201  140
 06  14.85696505   rs9504549    5787923  141
 06  14.91299288   rs6914546    5814551  142
 06  15.20354379   rs9504579    5851899  143
 06  15.26246833   rs9405884    5892882  144
 06  15.33650061   rs7745233    5921787  145
 06  15.39171455    rs582186    5946380  146
 06  15.44287868    rs667875    5964941  147
 06  15.51048228   rs2170618    6082107  148
 06  15.57249089    rs900401    6113193  149
 06  15.67788657   rs7774391    6121624  150
 06  15.76748538   rs3799558    6129818  151
 06  15.82948543   rs1742929    6173024  152
 06  15.99536377   rs6597197    6198016  153
 06  16.11399033   rs1267914    6234856  154
 06  16.18688679   rs2755416    6256700  155
 06  16.28006785   rs1267858    6267977  156
 06  16.33319567   rs6597199    6288176  157
 06  16.41352550   rs4960192    6300432  158
 06  16.46392795   rs4543420    6329147  159
 06  16.55072666   rs9379036    6400152  160
 06  16.61553569  rs11965794    6440030  161
 06  16.68555458    rs849057    6450405  162
 06  16.74762742    rs637096    6500789  163
 06  16.80869620   rs9328377    6539320  164
 06  16.88695234   rs2294460    6559432  165
 06  16.95977101   rs9504873    6568676  166
 06  17.03010226   rs3804490    6598138  167
 06  17.15501785   rs6924103    6624165  168
 06  17.21433218    rs201051    6666712  169
 06  17.35886211   rs2876028    6706641  170
 06  17.47614088   rs9502503    6731252  171
 06  17.56586249   rs1317392    6749899  172
 06  17.62308388   rs9502508    6752372  173
 06  17.82684881   rs4530912    6762790  174
 06  17.88141268  rs12660428    6798440  175
 06  17.93393956   rs6910011    6822410  176
 06  17.99073463  rs11967438    6831325  177
 06  18.17912818  rs10214475    6848147  178
 06  18.23067459   rs9392132    6860978  179
 06  18.34395278   rs2768990    6881570  180
 06  18.42937548   rs4960274    6904259  181
 06  18.48065751   rs7761644    6933004  182
 06  18.56506116   rs4960285    6939387  183
 06  18.63264635   rs6936076    7008270  184
 06  18.68425482    rs665723    7084063  185
 06  18.74294357   rs2256596    7192247  186
 06  18.79730739   rs1050226    7226653  187
 06  18.98363302   rs2876098    7319206  188
 06  19.03710455   rs6939137    7445569  189
 06  19.12611631   rs9406032    7446675  190
 06  19.17829464   rs2806167    7488782  191
 06  19.23144922   rs2076302    7515962  192
 06  19.32813706  rs12527897    7577242  193
 06  19.40679648  rs12197234    7616630  194
 06  19.50816917   rs4959451    7630325  195
 06  19.59425969    rs270404    7702373  196
 06  19.67672063   rs2326994    7755020  197
 06  19.73359155   rs1743635    7857389  198
 06  19.87085452    rs155487    7883772  199
 06  19.96640809    rs197123    7926670  200
