51 0 0 5
 0 0.0 0.0 0 
 1 2 3 4 5 6 7 8 9 10 11 12 13 14 15 16 17 18 19 20 21 22 23 24 25 26 27 28 29 30 31 32 33 34 35 36 37 38 39 40 41 42 43 44 45 46 47 48 49 50 51
1  2 	# TRAIT
 0.9999 0.0001
 1
 0.000 0.000 1.000
3  2 	# rs2170618
 0.0955 0.9045
3  2 	# rs900401
 0.4551 0.5449
3  2 	# rs7774391
 0.3989 0.6011
3  2 	# rs3799558
 0.2697 0.7303
3  2 	# rs1742929
 0.1292 0.8708
3  2 	# rs6597197
 0.1573 0.8427
3  2 	# rs1267914
 0.4326 0.5674
3  2 	# rs2755416
 0.1404 0.8596
3  2 	# rs1267858
 0.3146 0.6854
3  2 	# rs6597199
 0.3483 0.6517
3  2 	# rs4960192
 0.4213 0.5787
3  2 	# rs4543420
 0.4270 0.5730
3  2 	# rs9379036
 0.1966 0.8034
3  2 	# rs11965794
 0.2191 0.7809
3  2 	# rs849057
 0.3258 0.6742
3  2 	# rs637096
 0.1404 0.8596
3  2 	# rs9328377
 0.2135 0.7865
3  2 	# rs2294460
 0.2753 0.7247
3  2 	# rs9504873
 0.2921 0.7079
3  2 	# rs3804490
 0.2697 0.7303
3  2 	# rs6924103
 0.2360 0.7640
3  2 	# rs201051
 0.4888 0.5112
3  2 	# rs2876028
 0.3034 0.6966
3  2 	# rs9502503
 0.1629 0.8371
3  2 	# rs1317392
 0.1517 0.8483
3  2 	# rs9502508
 0.0674 0.9326
3  2 	# rs4530912
 0.3090 0.6910
3  2 	# rs12660428
 0.2809 0.7191
3  2 	# rs6910011
 0.1854 0.8146
3  2 	# rs11967438
 0.0618 0.9382
3  2 	# rs10214475
 0.1404 0.8596
3  2 	# rs9392132
 0.3371 0.6629
3  2 	# rs2768990
 0.0337 0.9663
3  2 	# rs4960274
 0.1348 0.8652
3  2 	# rs7761644
 0.1180 0.8820
3  2 	# rs4960285
 0.3427 0.6573
3  2 	# rs6936076
 0.2191 0.7809
3  2 	# rs665723
 0.1011 0.8989
3  2 	# rs2256596
 0.1404 0.8596
3  2 	# rs1050226
 0.4831 0.5169
3  2 	# rs2876098
 0.1292 0.8708
3  2 	# rs6939137
 0.0618 0.9382
3  2 	# rs9406032
 0.2865 0.7135
3  2 	# rs2806167
 0.4157 0.5843
3  2 	# rs2076302
 0.1292 0.8708
3  2 	# rs12527897
 0.0506 0.9494
3  2 	# rs12197234
 0.2247 0.7753
3  2 	# rs4959451
 0.1292 0.8708
3  2 	# rs270404
 0.2135 0.7865
3  2 	# rs2326994
 0.0225 0.9775
 0 0
 0.1  0.000620  0.001053  0.000895  0.000620  0.001656  0.001185  0.000728  0.000931  0.000531  0.000803  0.000504  0.000867  0.000648  0.000700  0.000620  0.000610  0.000782  0.000728  0.000703  0.001248  0.000593  0.001443  0.001171  0.000896  0.000572  0.002034  0.000545  0.000525  0.000568  0.001880  0.000515  0.001131  0.000854  0.000513  0.000843  0.000675  0.000516  0.000587  0.000543  0.001860  0.000534  0.000889  0.000522  0.000531  0.000966  0.000786  0.001013  0.000860  0.000824
 1      2.0  1.0
