51 0 0 5
 0 0.0 0.0 0 
 1 2 3 4 5 6 7 8 9 10 11 12 13 14 15 16 17 18 19 20 21 22 23 24 25 26 27 28 29 30 31 32 33 34 35 36 37 38 39 40 41 42 43 44 45 46 47 48 49 50 51
1  2 	# TRAIT
 0.9999 0.0001
 1
 0.000 0.000 1.000
3  2 	# rs7769338
 0.3258 0.6742
3  2 	# rs6931833
 0.2022 0.7978
3  2 	# rs7774400
 0.2640 0.7360
3  2 	# rs11153451
 0.4494 0.5506
3  2 	# rs2810160
 0.2528 0.7472
3  2 	# rs9372385
 0.4719 0.5281
3  2 	# rs1022387
 0.3977 0.6023
3  2 	# rs9320489
 0.4607 0.5393
3  2 	# rs785129
 0.4045 0.5955
3  2 	# rs750377
 0.1124 0.8876
3  2 	# rs7745314
 0.3315 0.6685
3  2 	# rs9387243
 0.4326 0.5674
3  2 	# rs4425620
 0.2865 0.7135
3  2 	# rs9372417
 0.4438 0.5562
3  2 	# rs1229831
 0.4270 0.5730
3  2 	# rs1548305
 0.2584 0.7416
3  2 	# rs1156783
 0.1742 0.8258
3  2 	# rs6908592
 0.5000 0.5000
3  2 	# rs562819
 0.1404 0.8596
3  2 	# rs11965969
 0.2978 0.7022
3  2 	# rs3798413
 0.3933 0.6067
3  2 	# rs17078062
 0.4101 0.5899
3  2 	# rs548101
 0.4438 0.5562
3  2 	# rs783642
 0.1124 0.8876
3  2 	# rs783371
 0.1685 0.8315
3  2 	# rs620590
 0.2247 0.7753
3  2 	# rs451411
 0.1761 0.8239
3  2 	# rs485768
 0.1236 0.8764
3  2 	# rs3777958
 0.1011 0.8989
3  2 	# rs9489138
 0.0787 0.9213
3  2 	# rs6942067
 0.3202 0.6798
3  2 	# rs4946265
 0.2416 0.7584
3  2 	# rs636205
 0.2978 0.7022
3  2 	# rs7754471
 0.2528 0.7472
3  2 	# rs7738597
 0.2753 0.7247
3  2 	# rs12208433
 0.2697 0.7303
3  2 	# rs11153725
 0.2697 0.7303
3  2 	# rs12204456
 0.3034 0.6966
3  2 	# rs11153771
 0.0899 0.9101
3  2 	# rs7742814
 0.2416 0.7584
3  2 	# rs4945630
 0.3146 0.6854
3  2 	# rs9320680
 0.2865 0.7135
3  2 	# rs3798603
 0.1573 0.8427
3  2 	# rs195077
 0.2022 0.7978
3  2 	# rs6910329
 0.2022 0.7978
3  2 	# rs9374827
 0.5000 0.5000
3  2 	# rs1028961
 0.0674 0.9326
3  2 	# rs6933285
 0.3315 0.6685
3  2 	# rs10484970
 0.2921 0.7079
3  2 	# rs10457375
 0.3483 0.6517
 0 0
 0.1  0.000600  0.000523  0.000606  0.001193  0.000658  0.000983  0.000855  0.000824  0.000777  0.000501  0.000741  0.000619  0.000574  0.000519  0.000861  0.000642  0.001060  0.000523  0.000513  0.000834  0.000524  0.000830  0.000516  0.000589  0.000505  0.001679  0.000503  0.000792  0.001625  0.000605  0.000593  0.000597  0.000539  0.000551  0.000563  0.001757  0.000517  0.000553  0.000728  0.000700  0.000928  0.000666  0.000548  0.000962  0.000596  0.000676  0.000807  0.000593  0.000560
 1      2.0  1.0
