51 0 0 5
 0 0.0 0.0 0 
 1 2 3 4 5 6 7 8 9 10 11 12 13 14 15 16 17 18 19 20 21 22 23 24 25 26 27 28 29 30 31 32 33 34 35 36 37 38 39 40 41 42 43 44 45 46 47 48 49 50 51
1  2 	# TRAIT
 0.9999 0.0001
 1
 0.000 0.000 1.000
3  2 	# rs9465656
 0.1067 0.8933
3  2 	# rs7746765
 0.1011 0.8989
3  2 	# rs1887476
 0.2360 0.7640
3  2 	# rs2208438
 0.3034 0.6966
3  2 	# rs1570155
 0.4663 0.5337
3  2 	# rs746720
 0.2584 0.7416
3  2 	# rs11964747
 0.0562 0.9438
3  2 	# rs6904566
 0.0169 0.9831
3  2 	# rs7756992
 0.4719 0.5281
3  2 	# rs9465874
 0.0730 0.9270
3  2 	# rs7775523
 0.2921 0.7079
3  2 	# rs201301
 0.1910 0.8090
3  2 	# rs9358391
 0.2584 0.7416
3  2 	# rs9465991
 0.2584 0.7416
3  2 	# rs4710966
 0.4663 0.5337
3  2 	# rs12202180
 0.2135 0.7865
3  2 	# rs807846
 0.1461 0.8539
3  2 	# rs12192730
 0.3258 0.6742
3  2 	# rs6920208
 0.3820 0.6180
3  2 	# rs6904446
 0.3483 0.6517
3  2 	# rs4236005
 0.1236 0.8764
3  2 	# rs1744867
 0.2865 0.7135
3  2 	# rs1555529
 0.3933 0.6067
3  2 	# rs9358448
 0.3596 0.6404
3  2 	# rs17198823
 0.0955 0.9045
3  2 	# rs4712642
 0.2416 0.7584
3  2 	# rs12524124
 0.3876 0.6124
3  2 	# rs13212670
 0.3933 0.6067
3  2 	# rs11755535
 0.1517 0.8483
3  2 	# rs867863
 0.2753 0.7247
3  2 	# rs610499
 0.1854 0.8146
3  2 	# rs196038
 0.0899 0.9101
3  2 	# rs9466269
 0.1404 0.8596
3  2 	# rs4712661
 0.4382 0.5618
3  2 	# rs7749084
 0.0674 0.9326
3  2 	# rs9368429
 0.3764 0.6236
3  2 	# rs16885931
 0.3820 0.6180
3  2 	# rs2066266
 0.0843 0.9157
3  2 	# rs1205960
 0.0506 0.9494
3  2 	# rs2744143
 0.0506 0.9494
3  2 	# rs10456256
 0.0618 0.9382
3  2 	# rs9460748
 0.0056 0.9944
3  2 	# rs6934462
 0.3090 0.6910
3  2 	# rs11752967
 0.1404 0.8596
3  2 	# rs7752736
 0.4213 0.5787
3  2 	# rs4510658
 0.2303 0.7697
3  2 	# rs1018401
 0.3258 0.6742
3  2 	# rs2254032
 0.2584 0.7416
3  2 	# rs4712728
 0.2640 0.7360
3  2 	# rs13214549
 0.0449 0.9551
 0 0
 0.1  0.002912  0.000767  0.000503  0.000707  0.001105  0.000858  0.000640  0.000552  0.000618  0.000733  0.000507  0.000731  0.001114  0.000525  0.000872  0.002092  0.000602  0.000621  0.000544  0.002476  0.000531  0.001789  0.000501  0.001498  0.000564  0.000521  0.000554  0.000641  0.000529  0.002088  0.001721  0.000697  0.002107  0.001555  0.000713  0.000700  0.000762  0.000955  0.000507  0.000522  0.000685  0.000564  0.000534  0.000562  0.000846  0.000573  0.000506  0.000640  0.000599
 1      2.0  1.0
