51 0 0 5
 0 0.0 0.0 0 
 1 2 3 4 5 6 7 8 9 10 11 12 13 14 15 16 17 18 19 20 21 22 23 24 25 26 27 28 29 30 31 32 33 34 35 36 37 38 39 40 41 42 43 44 45 46 47 48 49 50 51
1  2 	# TRAIT
 0.9999 0.0001
 1
 0.000 0.000 1.000
3  2 	# rs2894478
 0.4494 0.5506
3  2 	# rs7764865
 0.1180 0.8820
3  2 	# rs4714652
 0.1761 0.8239
3  2 	# rs2841639
 0.3258 0.6742
3  2 	# rs4714674
 0.4382 0.5618
3  2 	# rs2254303
 0.3090 0.6910
3  2 	# rs9472064
 0.4045 0.5955
3  2 	# rs16869037
 0.2416 0.7584
3  2 	# rs9472114
 0.4045 0.5955
3  2 	# rs699946
 0.4382 0.5618
3  2 	# rs6900017
 0.2416 0.7584
3  2 	# rs4507587
 0.1573 0.8427
3  2 	# rs6458350
 0.1742 0.8258
3  2 	# rs881858
 0.1573 0.8427
3  2 	# rs2148251
 0.1404 0.8596
3  2 	# rs9369430
 0.5000 0.5000
3  2 	# rs1003167
 0.3933 0.6067
3  2 	# rs1776721
 0.3315 0.6685
3  2 	# rs865585
 0.2753 0.7247
3  2 	# rs9472158
 0.4494 0.5506
3  2 	# rs9472173
 0.4045 0.5955
3  2 	# rs4714724
 0.0955 0.9045
3  2 	# rs1631662
 0.0562 0.9438
3  2 	# rs3734693
 0.3876 0.6124
3  2 	# rs4711760
 0.1011 0.8989
3  2 	# rs9472201
 0.1742 0.8258
3  2 	# rs833810
 0.2584 0.7416
3  2 	# rs6458368
 0.2191 0.7809
3  2 	# rs3757272
 0.2809 0.7191
3  2 	# rs6925778
 0.3708 0.6292
3  2 	# rs1041524
 0.2809 0.7191
3  2 	# rs2396243
 0.3708 0.6292
3  2 	# rs9367190
 0.2191 0.7809
3  2 	# rs513688
 0.4101 0.5899
3  2 	# rs9369472
 0.0056 0.9944
3  2 	# rs13214191
 0.3315 0.6685
3  2 	# rs543844
 0.2416 0.7584
3  2 	# rs4714790
 0.4101 0.5899
3  2 	# rs7755190
 0.2584 0.7416
3  2 	# rs6458390
 0.2584 0.7416
3  2 	# rs11758473
 0.4607 0.5393
3  2 	# rs911982
 0.0225 0.9775
3  2 	# rs2146349
 0.4775 0.5225
3  2 	# rs476142
 0.0674 0.9326
3  2 	# rs6902467
 0.4775 0.5225
3  2 	# rs489448
 0.0393 0.9607
3  2 	# rs3778507
 0.3034 0.6966
3  2 	# rs1321078
 0.0337 0.9663
3  2 	# rs910586
 0.0449 0.9551
3  2 	# rs2772395
 0.2584 0.7416
 0 0
 0.1  0.000570  0.000563  0.000562  0.000533  0.000514  0.001672  0.000542  0.001752  0.001404  0.001690  0.000673  0.000762  0.000677  0.000516  0.000745  0.001506  0.001190  0.000841  0.000818  0.000592  0.001432  0.000532  0.001325  0.000739  0.000528  0.001380  0.000507  0.001518  0.000522  0.000648  0.000737  0.000500  0.001034  0.000819  0.000546  0.000528  0.000710  0.000575  0.001838  0.000697  0.000853  0.000511  0.000689  0.000737  0.000610  0.000528  0.000517  0.001030  0.000562
 1      2.0  1.0
