51 0 0 5
 0 0.0 0.0 0 
 1 2 3 4 5 6 7 8 9 10 11 12 13 14 15 16 17 18 19 20 21 22 23 24 25 26 27 28 29 30 31 32 33 34 35 36 37 38 39 40 41 42 43 44 45 46 47 48 49 50 51
1  2 	# TRAIT
 0.9999 0.0001
 1
 0.000 0.000 1.000
3  2 	# rs351331
 0.4607 0.5393
3  2 	# rs1906980
 0.2921 0.7079
3  2 	# rs7765999
 0.3989 0.6011
3  2 	# rs574793
 0.0281 0.9719
3  2 	# rs12216311
 0.0787 0.9213
3  2 	# rs12529767
 0.4213 0.5787
3  2 	# rs461442
 0.2640 0.7360
3  2 	# rs2325585
 0.2247 0.7753
3  2 	# rs1322422
 0.4719 0.5281
3  2 	# rs9445284
 0.1067 0.8933
3  2 	# rs993200
 0.0449 0.9551
3  2 	# rs2502037
 0.3820 0.6180
3  2 	# rs794669
 0.3876 0.6124
3  2 	# rs197902
 0.2416 0.7584
3  2 	# rs2380218
 0.2697 0.7303
3  2 	# rs9320526
 0.3864 0.6136
3  2 	# rs4839992
 0.1966 0.8034
3  2 	# rs6936274
 0.4213 0.5787
3  2 	# rs2799665
 0.3146 0.6854
3  2 	# rs4840174
 0.3636 0.6364
3  2 	# rs9322615
 0.2865 0.7135
3  2 	# rs2248641
 0.3258 0.6742
3  2 	# rs7768506
 0.3989 0.6011
3  2 	# rs9384578
 0.3146 0.6854
3  2 	# rs1413522
 0.4101 0.5899
3  2 	# rs17056960
 0.2472 0.7528
3  2 	# rs850577
 0.4045 0.5955
3  2 	# rs9320375
 0.4101 0.5899
3  2 	# rs1206155
 0.2640 0.7360
3  2 	# rs10499010
 0.1348 0.8652
3  2 	# rs4391266
 0.1685 0.8315
3  2 	# rs9401123
 0.4101 0.5899
3  2 	# rs9489706
 0.2247 0.7753
3  2 	# rs9372650
 0.4045 0.5955
3  2 	# rs9388482
 0.4663 0.5337
3  2 	# rs158773
 0.2360 0.7640
3  2 	# rs150396
 0.3876 0.6124
3  2 	# rs17829357
 0.0562 0.9438
3  2 	# rs9375604
 0.0562 0.9438
3  2 	# rs10499023
 0.0281 0.9719
3  2 	# rs9375728
 0.4382 0.5618
3  2 	# rs9402444
 0.4607 0.5393
3  2 	# rs12528619
 0.0955 0.9045
3  2 	# rs11963108
 0.4101 0.5899
3  2 	# rs2038715
 0.4438 0.5562
3  2 	# rs6908196
 0.1124 0.8876
3  2 	# rs9321763
 0.2416 0.7584
3  2 	# rs9495657
 0.0056 0.9944
3  2 	# rs13212643
 0.2978 0.7022
3  2 	# rs4642484
 0.0674 0.9326
 0 0
 0.1  0.001294  0.000630  0.000674  0.000592  0.000510  0.001101  0.000769  0.000615  0.001241  0.000512  0.000529  0.001304  0.000575  0.000528  0.000541  0.000554  0.000523  0.000551  0.000898  0.001198  0.000696  0.000508  0.000565  0.002055  0.000542  0.000870  0.000547  0.001026  0.000697  0.000527  0.001600  0.000542  0.000507  0.001825  0.002025  0.000582  0.000559  0.001192  0.001257  0.000850  0.000598  0.001604  0.000514  0.000518  0.000656  0.000840  0.001309  0.000692  0.000631
 1      2.0  1.0
