51 0 0 5
 0 0.0 0.0 0 
 1 2 3 4 5 6 7 8 9 10 11 12 13 14 15 16 17 18 19 20 21 22 23 24 25 26 27 28 29 30 31 32 33 34 35 36 37 38 39 40 41 42 43 44 45 46 47 48 49 50 51
1  2 	# TRAIT
 0.9999 0.0001
 1
 0.000 0.000 1.000
3  2 	# rs17085526
 0.3371 0.6629
3  2 	# rs9371822
 0.4270 0.5730
3  2 	# rs9479954
 0.0899 0.9101
3  2 	# rs6557385
 0.4888 0.5112
3  2 	# rs6934056
 0.4382 0.5618
3  2 	# rs7745332
 0.4213 0.5787
3  2 	# rs9322494
 0.2978 0.7022
3  2 	# rs7746011
 0.0899 0.9101
3  2 	# rs7774757
 0.0618 0.9382
3  2 	# rs11156008
 0.3427 0.6573
3  2 	# rs9397228
 0.4719 0.5281
3  2 	# rs6905473
 0.4494 0.5506
3  2 	# rs6919431
 0.4663 0.5337
3  2 	# rs6557409
 0.0056 0.9944
3  2 	# rs1408756
 0.1910 0.8090
3  2 	# rs335405
 0.3371 0.6629
3  2 	# rs13207865
 0.0562 0.9438
3  2 	# rs231957
 0.0618 0.9382
3  2 	# rs6919626
 0.4888 0.5112
3  2 	# rs7738860
 0.4101 0.5899
3  2 	# rs11755068
 0.0449 0.9551
3  2 	# rs4407725
 0.3202 0.6798
3  2 	# rs4128674
 0.4382 0.5618
3  2 	# rs9371930
 0.2921 0.7079
3  2 	# rs9371932
 0.1461 0.8539
3  2 	# rs9397861
 0.2865 0.7135
3  2 	# rs9383788
 0.3258 0.6742
3  2 	# rs1349239
 0.1236 0.8764
3  2 	# rs2354391
 0.2135 0.7865
3  2 	# rs4394225
 0.3371 0.6629
3  2 	# rs17187232
 0.1236 0.8764
3  2 	# rs6557482
 0.3146 0.6854
3  2 	# rs4382278
 0.4663 0.5337
3  2 	# rs9480304
 0.4494 0.5506
3  2 	# rs7739135
 0.2416 0.7584
3  2 	# rs4429960
 0.0787 0.9213
3  2 	# rs9371428
 0.3202 0.6798
3  2 	# rs2603433
 0.1910 0.8090
3  2 	# rs2493701
 0.4888 0.5112
3  2 	# rs9480347
 0.1067 0.8933
3  2 	# rs1022984
 0.4494 0.5506
3  2 	# rs9397956
 0.1742 0.8258
3  2 	# rs4870483
 0.0787 0.9213
3  2 	# rs11961360
 0.0955 0.9045
3  2 	# rs6906983
 0.2360 0.7640
3  2 	# rs7770280
 0.0393 0.9607
3  2 	# rs3734440
 0.4326 0.5674
3  2 	# rs12211307
 0.0056 0.9944
3  2 	# rs1007250
 0.1517 0.8483
3  2 	# rs602890
 0.1348 0.8652
 0 0
 0.1  0.001348  0.001256  0.001306  0.003192  0.000636  0.001321  0.001855  0.000852  0.000540  0.000645  0.000504  0.001481  0.000562  0.000690  0.000684  0.001689  0.000578  0.000530  0.000552  0.000615  0.000588  0.002475  0.000510  0.000627  0.000505  0.000930  0.001490  0.000815  0.000502  0.000549  0.000648  0.000526  0.002042  0.000531  0.000628  0.000698  0.001360  0.000512  0.000710  0.000730  0.000605  0.002304  0.000616  0.000578  0.000638  0.000845  0.000823  0.001236  0.006485
 1      2.0  1.0
