51 0 0 5
 0 0.0 0.0 0 
 1 2 3 4 5 6 7 8 9 10 11 12 13 14 15 16 17 18 19 20 21 22 23 24 25 26 27 28 29 30 31 32 33 34 35 36 37 38 39 40 41 42 43 44 45 46 47 48 49 50 51
1  2 	# TRAIT
 0.9999 0.0001
 1
 0.000 0.000 1.000
3  2 	# rs6932501
 0.2809 0.7191
3  2 	# rs17711154
 0.2079 0.7921
3  2 	# rs7754584
 0.2472 0.7528
3  2 	# rs1923728
 0.0787 0.9213
3  2 	# rs781739
 0.3539 0.6461
3  2 	# rs482014
 0.4551 0.5449
3  2 	# rs567448
 0.2022 0.7978
3  2 	# rs7451644
 0.4382 0.5618
3  2 	# rs476436
 0.3652 0.6348
3  2 	# rs495191
 0.4045 0.5955
3  2 	# rs9388416
 0.2697 0.7303
3  2 	# rs7756600
 0.1348 0.8652
3  2 	# rs6933106
 0.0506 0.9494
3  2 	# rs4895744
 0.0506 0.9494
3  2 	# rs2326146
 0.1292 0.8708
3  2 	# rs2747714
 0.1798 0.8202
3  2 	# rs7754833
 0.4551 0.5449
3  2 	# rs9398792
 0.0506 0.9494
3  2 	# rs9321060
 0.0562 0.9438
3  2 	# rs6569457
 0.4270 0.5730
3  2 	# rs2151522
 0.3820 0.6180
3  2 	# rs2800718
 0.0787 0.9213
3  2 	# rs12210968
 0.0730 0.9270
3  2 	# rs6903353
 0.0562 0.9438
3  2 	# rs9388590
 0.0899 0.9101
3  2 	# rs527206
 0.1180 0.8820
3  2 	# rs12525721
 0.3636 0.6364
3  2 	# rs9491896
 0.3258 0.6742
3  2 	# rs7757761
 0.0506 0.9494
3  2 	# rs9491913
 0.3427 0.6573
3  2 	# rs9491939
 0.2921 0.7079
3  2 	# rs6923822
 0.0056 0.9944
3  2 	# rs969970
 0.4270 0.5730
3  2 	# rs9372901
 0.2303 0.7697
3  2 	# rs4512245
 0.0955 0.9045
3  2 	# rs4594973
 0.0281 0.9719
3  2 	# rs6934624
 0.1292 0.8708
3  2 	# rs1478806
 0.3034 0.6966
3  2 	# rs7751571
 0.0787 0.9213
3  2 	# rs2326794
 0.4719 0.5281
3  2 	# rs7770270
 0.0449 0.9551
3  2 	# rs2876041
 0.2753 0.7247
3  2 	# rs6905196
 0.2809 0.7191
3  2 	# rs6939307
 0.0281 0.9719
3  2 	# rs2571591
 0.4944 0.5056
3  2 	# rs9388717
 0.3146 0.6854
3  2 	# rs12210003
 0.0674 0.9326
3  2 	# rs7753327
 0.2697 0.7303
3  2 	# rs17469847
 0.0618 0.9382
3  2 	# rs4897336
 0.4045 0.5955
 0 0
 0.1  0.000507  0.001167  0.000525  0.001405  0.001616  0.001842  0.001780  0.000587  0.000547  0.000645  0.001061  0.001530  0.001523  0.000978  0.000672  0.000533  0.000626  0.001186  0.001191  0.000521  0.000575  0.003007  0.000609  0.000540  0.000642  0.000507  0.000537  0.001835  0.000834  0.000733  0.001025  0.000557  0.000510  0.000936  0.000851  0.000580  0.000524  0.000733  0.000893  0.000597  0.001442  0.000534  0.000677  0.001529  0.000606  0.000687  0.000525  0.001279  0.000833
 1      2.0  1.0
