51 0 0 5
 0 0.0 0.0 0 
 1 2 3 4 5 6 7 8 9 10 11 12 13 14 15 16 17 18 19 20 21 22 23 24 25 26 27 28 29 30 31 32 33 34 35 36 37 38 39 40 41 42 43 44 45 46 47 48 49 50 51
1  2 	# TRAIT
 0.9999 0.0001
 1
 0.000 0.000 1.000
3  2 	# rs9367581
 0.4831 0.5169
3  2 	# rs10484986
 0.0337 0.9663
3  2 	# rs2135760
 0.2528 0.7472
3  2 	# rs7453866
 0.2247 0.7753
3  2 	# rs12209485
 0.1573 0.8427
3  2 	# rs3122156
 0.2303 0.7697
3  2 	# rs958626
 0.0056 0.9944
3  2 	# rs3942865
 0.0843 0.9157
3  2 	# rs1472641
 0.4831 0.5169
3  2 	# rs4236134
 0.4157 0.5843
3  2 	# rs11754509
 0.0056 0.9944
3  2 	# rs2498529
 0.2360 0.7640
3  2 	# rs12174118
 0.1573 0.8427
3  2 	# rs3798818
 0.1742 0.8258
3  2 	# rs7357042
 0.0169 0.9831
3  2 	# rs4715574
 0.1461 0.8539
3  2 	# rs3807013
 0.4045 0.5955
3  2 	# rs7739763
 0.1236 0.8764
3  2 	# rs9475676
 0.1124 0.8876
3  2 	# rs606894
 0.2416 0.7584
3  2 	# rs1903332
 0.0056 0.9944
3  2 	# rs4715646
 0.1124 0.8876
3  2 	# rs7760349
 0.1966 0.8034
3  2 	# rs1888266
 0.0112 0.9888
3  2 	# rs9476005
 0.1573 0.8427
3  2 	# rs4440467
 0.2640 0.7360
3  2 	# rs7776004
 0.4157 0.5843
3  2 	# rs1336317
 0.3820 0.6180
3  2 	# rs6901766
 0.4663 0.5337
3  2 	# rs4710674
 0.4101 0.5899
3  2 	# rs1334737
 0.4213 0.5787
3  2 	# rs12190145
 0.3596 0.6404
3  2 	# rs9359331
 0.3539 0.6461
3  2 	# rs2677024
 0.0899 0.9101
3  2 	# rs7767473
 0.4326 0.5674
3  2 	# rs9353368
 0.2809 0.7191
3  2 	# rs6454771
 0.4101 0.5899
3  2 	# rs2050623
 0.2921 0.7079
3  2 	# rs1415534
 0.4101 0.5899
3  2 	# rs9360039
 0.3427 0.6573
3  2 	# rs9453089
 0.2022 0.7978
3  2 	# rs2144715
 0.1629 0.8371
3  2 	# rs12207169
 0.0449 0.9551
3  2 	# rs13201014
 0.0899 0.9101
3  2 	# rs1393685
 0.3989 0.6011
3  2 	# rs10944808
 0.3146 0.6854
3  2 	# rs354401
 0.2978 0.7022
3  2 	# rs13191280
 0.4045 0.5955
3  2 	# rs4424062
 0.4775 0.5225
3  2 	# rs6929762
 0.0787 0.9213
 0 0
 0.1  0.000590  0.000692  0.000647  0.000588  0.000514  0.000644  0.000558  0.000543  0.000681  0.000621  0.000527  0.000714  0.000521  0.000505  0.000800  0.001385  0.000530  0.000621  0.000641  0.000767  0.000663  0.001345  0.000546  0.000755  0.000571  0.000902  0.000517  0.000502  0.000502  0.000514  0.000526  0.000614  0.000579  0.000569  0.000526  0.000658  0.000620  0.000629  0.000572  0.000919  0.000661  0.002539  0.000668  0.001225  0.000870  0.000644  0.000504  0.000504  0.000531
 1      2.0  1.0
