51 0 0 5
 0 0.0 0.0 0 
 1 2 3 4 5 6 7 8 9 10 11 12 13 14 15 16 17 18 19 20 21 22 23 24 25 26 27 28 29 30 31 32 33 34 35 36 37 38 39 40 41 42 43 44 45 46 47 48 49 50 51
1  2 	# TRAIT
 0.9999 0.0001
 1
 0.000 0.000 1.000
3  2 	# rs602890
 0.1348 0.8652
3  2 	# rs675658
 0.4551 0.5449
3  2 	# rs9458301
 0.2921 0.7079
3  2 	# rs1864500
 0.4944 0.5056
3  2 	# rs928008
 0.2697 0.7303
3  2 	# rs2746217
 0.1705 0.8295
3  2 	# rs10455934
 0.3539 0.6461
3  2 	# rs2295893
 0.2191 0.7809
3  2 	# rs1009014
 0.2584 0.7416
3  2 	# rs662185
 0.2898 0.7102
3  2 	# rs4710078
 0.4270 0.5730
3  2 	# rs827977
 0.3090 0.6910
3  2 	# rs2083587
 0.3371 0.6629
3  2 	# rs9457413
 0.3539 0.6461
3  2 	# rs9457437
 0.1854 0.8146
3  2 	# rs6933401
 0.0674 0.9326
3  2 	# rs7746144
 0.0787 0.9213
3  2 	# rs9457509
 0.3427 0.6573
3  2 	# rs12662184
 0.1798 0.8202
3  2 	# rs1738074
 0.3427 0.6573
3  2 	# rs3120629
 0.2809 0.7191
3  2 	# rs7765276
 0.0562 0.9438
3  2 	# rs2485328
 0.4719 0.5281
3  2 	# rs449602
 0.3090 0.6910
3  2 	# rs6455633
 0.4551 0.5449
3  2 	# rs6455639
 0.2921 0.7079
3  2 	# rs4709326
 0.2416 0.7584
3  2 	# rs9355736
 0.5000 0.5000
3  2 	# rs10945617
 0.1966 0.8034
3  2 	# rs7755526
 0.3989 0.6011
3  2 	# rs4709364
 0.4101 0.5899
3  2 	# rs6924573
 0.2360 0.7640
3  2 	# rs1003737
 0.2330 0.7670
3  2 	# rs4709390
 0.4551 0.5449
3  2 	# rs920812
 0.3708 0.6292
3  2 	# rs622342
 0.1629 0.8371
3  2 	# rs2083867
 0.3933 0.6067
3  2 	# rs596881
 0.0787 0.9213
3  2 	# rs316029
 0.1067 0.8933
3  2 	# rs437865
 0.0506 0.9494
3  2 	# rs1367211
 0.2416 0.7584
3  2 	# rs7767705
 0.2247 0.7753
3  2 	# rs9295131
 0.5000 0.5000
3  2 	# rs2489944
 0.2135 0.7865
3  2 	# rs590884
 0.2614 0.7386
3  2 	# rs1562026
 0.0112 0.9888
3  2 	# rs10945713
 0.2528 0.7472
3  2 	# rs2064721
 0.2247 0.7753
3  2 	# rs7738367
 0.2135 0.7865
3  2 	# rs3823058
 0.0899 0.9101
 0 0
 0.1  0.000581  0.000583  0.000704  0.001901  0.002013  0.000863  0.000564  0.000549  0.000520  0.000587  0.000546  0.000745  0.000506  0.000516  0.000939  0.000583  0.000633  0.001117  0.000517  0.000507  0.001216  0.000646  0.001708  0.000834  0.001371  0.000653  0.000671  0.001318  0.001726  0.000529  0.001293  0.000521  0.000513  0.000591  0.000553  0.001050  0.000812  0.000521  0.000560  0.000743  0.000522  0.001203  0.000531  0.001762  0.000534  0.000504  0.000565  0.000575  0.000529
 1      2.0  1.0
