51 0 0 5
 0 0.0 0.0 0 
 1 2 3 4 5 6 7 8 9 10 11 12 13 14 15 16 17 18 19 20 21 22 23 24 25 26 27 28 29 30 31 32 33 34 35 36 37 38 39 40 41 42 43 44 45 46 47 48 49 50 51
1  2 	# TRAIT
 0.9999 0.0001
 1
 0.000 0.000 1.000
3  2 	# rs2237231
 0.4432 0.5568
3  2 	# rs9379827
 0.1124 0.8876
3  2 	# rs7773004
 0.1573 0.8427
3  2 	# rs9461245
 0.0112 0.9888
3  2 	# rs12205310
 0.0281 0.9719
3  2 	# rs858972
 0.2865 0.7135
3  2 	# rs2235232
 0.4494 0.5506
3  2 	# rs9295750
 0.0730 0.9270
3  2 	# rs1150704
 0.3427 0.6573
3  2 	# rs2859356
 0.4831 0.5169
3  2 	# rs1233602
 0.3146 0.6854
3  2 	# rs720831
 0.3315 0.6685
3  2 	# rs1362073
 0.3034 0.6966
3  2 	# rs388234
 0.4326 0.5674
3  2 	# rs3131854
 0.1854 0.8146
3  2 	# rs2735048
 0.3202 0.6798
3  2 	# rs9258631
 0.0562 0.9438
3  2 	# rs2735085
 0.1629 0.8371
3  2 	# rs4313034
 0.2416 0.7584
3  2 	# rs3132123
 0.1742 0.8258
3  2 	# rs3132659
 0.0674 0.9326
3  2 	# rs1264551
 0.1461 0.8539
3  2 	# rs1264423
 0.4830 0.5170
3  2 	# rs2394401
 0.1404 0.8596
3  2 	# rs2517580
 0.1461 0.8539
3  2 	# rs9368649
 0.2303 0.7697
3  2 	# rs6457300
 0.3539 0.6461
3  2 	# rs6917517
 0.1629 0.8371
3  2 	# rs3094663
 0.3596 0.6404
3  2 	# rs6928399
 0.3090 0.6910
3  2 	# rs9394047
 0.1461 0.8539
3  2 	# rs3873386
 0.3483 0.6517
3  2 	# rs2844571
 0.1011 0.8989
3  2 	# rs1051794
 0.2753 0.7247
3  2 	# rs2596449
 0.1517 0.8483
3  2 	# rs2239709
 0.1292 0.8708
3  2 	# rs2857697
 0.3989 0.6011
3  2 	# rs9267677
 0.0562 0.9438
3  2 	# rs3134608
 0.0337 0.9663
3  2 	# rs9378123
 0.2472 0.7528
3  2 	# rs2894239
 0.4944 0.5056
3  2 	# rs9268403
 0.1236 0.8764
3  2 	# rs3129868
 0.1404 0.8596
3  2 	# rs9270986
 0.1629 0.8371
3  2 	# rs6457617
 0.4494 0.5506
3  2 	# rs6935940
 0.3077 0.6923
3  2 	# rs9276644
 0.2135 0.7865
3  2 	# rs3819715
 0.3876 0.6124
3  2 	# rs6457688
 0.0449 0.9551
3  2 	# rs154972
 0.0730 0.9270
 0 0
 0.1  0.000625  0.000632  0.001182  0.000538  0.000529  0.000562  0.000571  0.000518  0.000558  0.000519  0.000558  0.000523  0.000608  0.000549  0.000586  0.000573  0.001236  0.000504  0.000582  0.000517  0.000502  0.000552  0.000605  0.001229  0.000605  0.000500  0.000512  0.000576  0.000506  0.000518  0.000788  0.000863  0.000568  0.000799  0.000500  0.001096  0.000574  0.000554  0.000846  0.000520  0.000527  0.000510  0.000510  0.000761  0.000775  0.000713  0.000549  0.000595  0.001066
 1      2.0  1.0
