51 0 0 5
 0 0.0 0.0 0 
 1 2 3 4 5 6 7 8 9 10 11 12 13 14 15 16 17 18 19 20 21 22 23 24 25 26 27 28 29 30 31 32 33 34 35 36 37 38 39 40 41 42 43 44 45 46 47 48 49 50 51
1  2 	# TRAIT
 0.9999 0.0001
 1
 0.000 0.000 1.000
3  2 	# rs536916
 0.4326 0.5674
3  2 	# rs551499
 0.4494 0.5506
3  2 	# rs4712032
 0.2247 0.7753
3  2 	# rs4715451
 0.4663 0.5337
3  2 	# rs4715562
 0.3034 0.6966
3  2 	# rs6899735
 0.4944 0.5056
3  2 	# rs2274088
 0.2191 0.7809
3  2 	# rs9382889
 0.1742 0.8258
3  2 	# rs9476476
 0.1742 0.8258
3  2 	# rs2092204
 0.2865 0.7135
3  2 	# rs853372
 0.1348 0.8652
3  2 	# rs853346
 0.4382 0.5618
3  2 	# rs2094923
 0.2022 0.7978
3  2 	# rs7752155
 0.1573 0.8427
3  2 	# rs737548
 0.3427 0.6573
3  2 	# rs9476543
 0.3596 0.6404
3  2 	# rs9367837
 0.4270 0.5730
3  2 	# rs9396503
 0.3539 0.6461
3  2 	# rs9370770
 0.2191 0.7809
3  2 	# rs7747013
 0.4326 0.5674
3  2 	# rs764650
 0.2247 0.7753
3  2 	# rs9476648
 0.0337 0.9663
3  2 	# rs2500081
 0.0281 0.9719
3  2 	# rs233494
 0.0562 0.9438
3  2 	# rs6908102
 0.0899 0.9101
3  2 	# rs6902553
 0.4831 0.5169
3  2 	# rs2179990
 0.4270 0.5730
3  2 	# rs6941421
 0.2865 0.7135
3  2 	# rs9464779
 0.3708 0.6292
3  2 	# rs13195345
 0.4270 0.5730
3  2 	# rs2235258
 0.3596 0.6404
3  2 	# rs2031819
 0.3146 0.6854
3  2 	# rs1109287
 0.2921 0.7079
3  2 	# rs522264
 0.4775 0.5225
3  2 	# rs9296994
 0.3764 0.6236
3  2 	# rs1891518
 0.4831 0.5169
3  2 	# rs10498686
 0.2753 0.7247
3  2 	# rs7767544
 0.2640 0.7360
3  2 	# rs6459448
 0.3989 0.6011
3  2 	# rs3757354
 0.3708 0.6292
3  2 	# rs7742617
 0.2865 0.7135
3  2 	# rs7748814
 0.3371 0.6629
3  2 	# rs179993
 0.1461 0.8539
3  2 	# rs2237217
 0.4719 0.5281
3  2 	# rs404143
 0.0730 0.9270
3  2 	# rs10484363
 0.1404 0.8596
3  2 	# rs2299088
 0.4326 0.5674
3  2 	# rs9396682
 0.0730 0.9270
3  2 	# rs9477166
 0.0955 0.9045
3  2 	# rs236981
 0.4157 0.5843
 0 0
 0.1  0.000802  0.001957  0.000594  0.000999  0.001342  0.000719  0.000954  0.000630  0.000522  0.001193  0.000584  0.001177  0.001075  0.000529  0.000542  0.000719  0.000626  0.001341  0.000561  0.003969  0.001845  0.000823  0.001285  0.000774  0.000618  0.002022  0.002606  0.000523  0.000665  0.000527  0.000744  0.000532  0.001314  0.000501  0.000697  0.000543  0.000556  0.000672  0.000563  0.000506  0.000862  0.001079  0.001167  0.001075  0.000788  0.001641  0.000674  0.000554  0.000540
 1      2.0  1.0
