1001(ped#001;run#01)                                                            
       4 individuals                                                            
 -83.327                                                                        
                     20        0        0  1        1                           
                                                        2   2    0   0    1   1 
                                                        2   2    0   0    1   1 
                                                        2   2    0   0    1   1 
                                                        1   2    0   0    1   1 
                                                        1   2    0   0    1   1 
                                                        1   1    0   0    1   1 
                                                        2   1    0   0    1   1 
                                                        1   2    0   0    1   1 
                                                        1   2    0   0    1   1 
                                                        2   1    0   0    1   1 
                                                        2   2    0   0    1   1 
                                                        2   2    0   0    1   1 
                                                        2   1    0   0    1   1 
                                                        1   1    0   0    1   1 
                                                        1   2    0   0    1   1 
                                                        2   1    0   0    1   1 
                                                        1   2    0   0    1   1 
                                                        1   2    0   0    1   1 
                                                        1   1    0   0    1   1 
                                                        1   1    0   0    1   1 
                                                        2   2    0   0    1   1 
                                                        2   2    0   0    1   1 
                                                        2   1    0   0    1   1 
                                                        1   1    0   0    1   1 
                                                        2   2    0   0    1   1 
                                                        2   1    0   0    1   1 
                                                        1   2    0   0    1   1 
                                                        2   1    0   0    1   1 
                                                        1   2    0   0    1   1 
                                                        1   1    0   0    1   1 
                                                        2   1    0   0    1   1 
                                                        2   2    0   0    1   1 
                                                        2   2    0   0    1   1 
                                                        1   1    0   0    1   1 
                                                        2   2    0   0    1   1 
                                                        2   1    0   0    1   1 
                                                        2   2    0   0    1   1 
                                                        1   1    0   0    1   1 
                                                        2   2    0   0    1   1 
                                                        1   1    0   0    1   1 
                                                        2   2    0   0    1   1 
                                                        1   2    0   0    1   1 
                                                        2   2    0   0    1   1 
                                                        1   2    0   0    1   1 
                                                        1   1    0   0    1   1 
                                                        2   1    0   0    1   1 
                                                        1   1    0   0    1   1 
                                                        1   2    0   0    1   1 
                                                        2   1    0   0    1   1 
                                                        2   1    0   0    1   1 
                     21        0        0  2        1                           
                                                        2   2    0   0    1   1 
                                                        2   2    0   0    1   1 
                                                        2   2    0   0    1   1 
                                                        2   1    0   0    1   1 
                                                        2   1    0   0    1   1 
                                                        1   1    0   0    1   1 
                                                        1   2    0   0    1   1 
                                                        2   2    0   0    1   1 
                                                        2   2    0   0    1   1 
                                                        1   1    0   0    1   1 
                                                        1   2    0   0    1   1 
                                                        2   2    0   0    1   1 
                                                        2   2    0   0    1   1 
                                                        1   1    0   0    1   1 
                                                        1   1    0   0    1   1 
                                                        1   2    0   0    1   1 
                                                        2   1    0   0    1   1 
                                                        1   1    0   0    1   1 
                                                        1   1    0   0    1   1 
                                                        1   1    0   0    1   1 
                                                        2   1    0   0    1   1 
                                                        1   2    0   0    1   1 
                                                        1   1    0   0    1   1 
                                                        2   1    0   0    1   1 
                                                        1   1    0   0    1   1 
                                                        2   2    0   0    1   1 
                                                        1   2    0   0    1   1 
                                                        1   1    0   0    1   1 
                                                        2   1    0   0    1   1 
                                                        2   1    0   0    1   1 
                                                        2   2    0   0    1   1 
                                                        1   2    0   0    1   1 
                                                        2   1    0   0    1   1 
                                                        1   1    0   0    1   1 
                                                        2   2    0   0    1   1 
                                                        1   1    0   0    1   1 
                                                        1   1    0   0    1   1 
                                                        1   2    0   0    1   1 
                                                        2   1    0   0    1   1 
                                                        1   2    0   0    1   1 
                                                        2   2    0   0    1   1 
                                                        1   1    0   0    1   1 
                                                        2   1    0   0    1   1 
                                                        2   2    0   0    1   1 
                                                        1   1    0   0    1   1 
                                                        2   2    0   0    1   1 
                                                        1   1    0   0    1   1 
                                                        1   2    0   0    1   1 
                                                        2   1    0   0    1   1 
                                                        2   2    0   0    1   1 
                     22       20       21  1        2*                          
                                                        2   2    1   1    1   1 
                                                        2   2    1   1    1   1 
                                                        2   2    1   1    1   1 
                                                        1   2    1   1    1   1 
                                                        1   2    1   1    1   1 
                                                        1   1    1   1    1   1 
                                                        2   1    1   1    1   1 
                                                        1   2    1   1    1   1 
                                                        1   2    1   1    1   1 
                                                        2   1    1   1    1   1 
                                                        2   1    1   1    1   1 
                                                        2   2    1   1    1   1 
                                                        2   2    1   1    1   1 
                                                        1   1    1   1    1   1 
                                                        1   1    1   1    1   1 
                                                        2   1    1   1    1   1 
                                                        1   2    1   1    1   1 
                                                        1   1    1   1    1   1 
                                                        1   1    1   1    1   1 
                                                        1   1    1   1    1   1 
                                                        2   2    1   1    1   1 
                                                        2   1    1   1    1   1 
                                                        2   1    1   1    1   1 
                                                        1   2    1   1    1   1 
                                                        2   1    1   1    1   1 
                                                        2   2    1   1    1   1 
                                                        1   1    1   1    1   1 
                                                        2   1    1   1    1   1 
                                                        1   2    1   1    1   1 
                                                        1   2    1   1    1   1 
                                                        2   2    1   1    1   1 
                                                        2   1    1   1    1   1 
                                                        2   2    1   1    1   1 
                                                        1   1    1   1    1   1 
                                                        2   2    1   1    1   1 
                                                        2   1    1   1    1   1 
                                                        2   1    1   1    1   1 
                                                        1   1    1   1    1   1 
                                                        2   2    1   1    1   1 
                                                        1   1    1   1    1   1 
                                                        2   2    1   1    1   1 
                                                        1   1    1   1    1   1 
                                                        2   2    1   1    1   1 
                                                        1   2    1   1    1   1 
                                                        1   1    1   1    1   1 
                                                        2   2    1   1    1   1 
                                                        1   1    1   1    1   1 
                                                        1   1    1   1    1   1 
                                                        2   2    1   1    1   1 
                                                        2   2    1   1    1   1 
                     23       20       21  2        1                           
                                                        2   2    2   2    1   1 
                                                        2   2    2   2    1   1 
                                                        2   2    2   2    1   1 
                                                        2   1    2   2    1   1 
                                                        2   1    2   2    1   1 
                                                        1   1    2   2    1   1 
                                                        1   2    2   2    1   1 
                                                        2   2    2   2    1   1 
                                                        2   2    2   2    1   1 
                                                        1   1    2   2    1   1 
                                                        2   2    2   2    1   1 
                                                        2   2    2   2    1   1 
                                                        1   2    2   2    1   1 
                                                        1   1    2   2    1   1 
                                                        2   1    2   2    1   1 
                                                        1   2    2   2    1   1 
                                                        2   1    2   2    1   1 
                                                        2   1    2   2    1   1 
                                                        1   1    2   2    1   1 
                                                        1   1    2   2    1   1 
                                                        2   1    2   2    1   1 
                                                        2   2    2   2    1   1 
                                                        1   1    2   2    1   1 
                                                        1   1    2   2    1   1 
                                                        2   1    2   2    1   1 
                                                        1   2    2   2    1   1 
                                                        2   2    2   2    1   1 
                                                        1   1    2   2    1   1 
                                                        2   1    2   2    1   1 
                                                        1   1    2   2    1   1 
                                                        1   2    2   2    1   1 
                                                        2   2    2   2    1   1 
                                                        2   1    2   2    1   1 
                                                        1   1    2   2    1   1 
                                                        2   2    2   2    1   1 
                                                        1   1    2   2    1   1 
                                                        2   1    2   2    1   1 
                                                        1   2    2   2    1   1 
                                                        2   1    2   2    1   1 
                                                        1   2    2   2    1   1 
                                                        2   2    2   2    1   1 
                                                        2   1    2   2    1   1 
                                                        2   1    2   2    1   1 
                                                        2   2    2   2    1   1 
                                                        1   1    2   2    1   1 
                                                        1   2    2   2    1   1 
                                                        1   1    2   2    1   1 
                                                        2   2    2   2    1   1 
                                                        1   1    2   2    1   1 
                                                        1   2    2   2    1   1 
________________________________________________________________________________
