1004(ped#004;run#02)                                                            
      14 individuals                                                            
-136.585                                                                        
                  76521        0        0  1        1                           
                                                        0   0    0   0    0   0 
                                                        0   0    0   0    0   0 
                                                        0   0    0   0    0   0 
                                                        0   0    0   0    0   0 
                                                        0   0    0   0    0   0 
                                                        0   0    0   0    0   0 
                                                        0   0    0   0    0   0 
                                                        0   0    0   0    0   0 
                                                        0   0    0   0    0   0 
                                                        0   0    0   0    0   0 
                                                        0   0    0   0    0   0 
                                                        0   0    0   0    0   0 
                                                        0   0    0   0    0   0 
                                                        0   0    0   0    0   0 
                                                        0   0    0   0    0   0 
                                                        0   0    0   0    0   0 
                                                        0   0    0   0    0   0 
                                                        0   0    0   0    0   0 
                                                        0   0    0   0    0   0 
                                                        0   0    0   0    0   0 
                                                        0   0    0   0    0   0 
                                                        0   0    0   0    0   0 
                                                        0   0    0   0    0   0 
                                                        0   0    0   0    0   0 
                                                        0   0    0   0    0   0 
                                                        0   0    0   0    0   0 
                                                        0   0    0   0    0   0 
                                                        0   0    0   0    0   0 
                                                        0   0    0   0    0   0 
                                                        0   0    0   0    0   0 
                                                        0   0    0   0    0   0 
                                                        0   0    0   0    0   0 
                                                        0   0    0   0    0   0 
                                                        0   0    0   0    0   0 
                                                        0   0    0   0    0   0 
                                                        0   0    0   0    0   0 
                                                        0   0    0   0    0   0 
                                                        0   0    0   0    0   0 
                                                        0   0    0   0    0   0 
                                                        0   0    0   0    0   0 
                                                        0   0    0   0    0   0 
                                                        0   0    0   0    0   0 
                                                        0   0    0   0    0   0 
                                                        0   0    0   0    0   0 
                                                        0   0    0   0    0   0 
                                                        0   0    0   0    0   0 
                                                        0   0    0   0    0   0 
                                                        0   0    0   0    0   0 
                                                        0   0    0   0    0   0 
                                                        0   0    0   0    0   0 
                  76522        0        0  2        1                           
                                                        0   2    0   0    0   0 
                                                        0   2    0   0    0   0 
                                                        0   2    0   0    0   0 
                                                        0   2    0   0    0   0 
                                                        0   1    0   0    0   0 
                                                        0   1    0   0    0   0 
                                                        0   2    0   0    0   0 
                                                        0   2    0   0    0   0 
                                                        0   1    0   0    0   0 
                                                        0   2    0   0    0   0 
                                                        0   2    0   0    0   0 
                                                        0   2    0   0    0   0 
                                                        0   2    0   0    0   0 
                                                        0   1    0   0    0   0 
                                                        0   2    0   0    0   0 
                                                        0   1    0   0    0   0 
                                                        0   1    0   0    0   0 
                                                        0   1    0   0    0   0 
                                                        0   1    0   0    0   0 
                                                        0   1    0   0    0   0 
                                                        0   1    0   0    0   0 
                                                        0   1    0   0    0   0 
                                                        0   2    0   0    0   0 
                                                        0   1    0   0    0   0 
                                                        0   1    0   0    0   0 
                                                        0   2    0   0    0   0 
                                                        0   1    0   0    0   0 
                                                        0   1    0   0    0   0 
                                                        0   2    0   0    0   0 
                                                        0   1    0   0    0   0 
                                                        0   1    0   0    0   0 
                                                        0   2    0   0    0   0 
                                                        0   2    0   0    0   0 
                                                        0   2    0   0    0   0 
                                                        0   1    0   0    0   0 
                                                        0   2    0   0    0   0 
                                                        0   1    0   0    0   0 
                                                        0   1    0   0    0   0 
                                                        0   2    0   0    0   0 
                                                        0   2    0   0    0   0 
                                                        0   2    0   0    0   0 
                                                        0   1    0   0    0   0 
                                                        0   2    0   0    0   0 
                                                        0   2    0   0    0   0 
                                                        0   1    0   0    0   0 
                                                        0   1    0   0    0   0 
                                                        0   1    0   0    0   0 
                                                        0   2    0   0    0   0 
                                                        0   2    0   0    0   0 
                                                        0   2    0   0    0   0 
                  76611        0        0  2        1                           
                                                        0   2    0   0    0   0 
                                                        0   2    0   0    0   0 
                                                        0   2    0   0    0   0 
                                                        0   1    0   0    0   0 
                                                        0   1    0   0    0   0 
                                                        0   2    0   0    0   0 
                                                        0   2    0   0    0   0 
                                                        0   2    0   0    0   0 
                                                        0   2    0   0    0   0 
                                                        0   1    0   0    0   0 
                                                        0   1    0   0    0   0 
                                                        0   1    0   0    0   0 
                                                        0   2    0   0    0   0 
                                                        0   1    0   0    0   0 
                                                        0   2    0   0    0   0 
                                                        0   2    0   0    0   0 
                                                        0   1    0   0    0   0 
                                                        0   1    0   0    0   0 
                                                        0   1    0   0    0   0 
                                                        0   1    0   0    0   0 
                                                        0   2    0   0    0   0 
                                                        0   2    0   0    0   0 
                                                        0   1    0   0    0   0 
                                                        0   1    0   0    0   0 
                                                        0   2    0   0    0   0 
                                                        0   1    0   0    0   0 
                                                        0   2    0   0    0   0 
                                                        0   1    0   0    0   0 
                                                        0   2    0   0    0   0 
                                                        0   2    0   0    0   0 
                                                        0   1    0   0    0   0 
                                                        0   2    0   0    0   0 
                                                        0   2    0   0    0   0 
                                                        0   1    0   0    0   0 
                                                        0   2    0   0    0   0 
                                                        0   1    0   0    0   0 
                                                        0   1    0   0    0   0 
                                                        0   1    0   0    0   0 
                                                        0   2    0   0    0   0 
                                                        0   1    0   0    0   0 
                                                        0   2    0   0    0   0 
                                                        0   2    0   0    0   0 
                                                        0   2    0   0    0   0 
                                                        0   2    0   0    0   0 
                                                        0   1    0   0    0   0 
                                                        0   2    0   0    0   0 
                                                        0   1    0   0    0   0 
                                                        0   1    0   0    0   0 
                                                        0   1    0   0    0   0 
                                                        0   2    0   0    0   0 
                   7661    76521    76611  1        1                           
                                                        0   2    1   2    0   1 
                                                        0   2    1   2    0   1 
                                                        0   2    1   2    0   1 
                                                        0   1    1   2    0   1 
                                                        0   1    1   2    0   0 
                                                        0   2    1   2    0   0 
                                                        0   2    1   2    0   0 
                                                        0   2    1   2    0   0 
                                                        0   2    1   2    0   0 
                                                        0   1    1   2    0   0 
                                                        0   1    1   2    0   1 
                                                        0   1    1   2    0   0 
                                                        0   2    1   2    0   1 
                                                        0   1    1   2    0   0 
                                                        0   2    1   2    0   1 
                                                        0   2    1   2    0   0 
                                                        0   1    1   2    0   1 
                                                        0   1    1   2    0   0 
                                                        0   1    1   2    0   0 
                                                        0   1    1   2    0   0 
                                                        0   2    1   2    0   1 
                                                        0   2    1   2    0   1 
                                                        0   1    1   2    0   1 
                                                        0   1    1   2    0   1 
                                                        0   2    1   2    0   0 
                                                        0   1    1   2    0   0 
                                                        0   2    1   2    0   1 
                                                        0   1    1   2    0   0 
                                                        0   2    1   2    0   0 
                                                        0   2    1   2    0   0 
                                                        0   1    1   2    0   1 
                                                        0   2    1   2    0   0 
                                                        0   2    1   2    0   1 
                                                        0   1    1   2    0   1 
                                                        0   2    1   2    0   1 
                                                        0   1    1   2    0   1 
                                                        0   1    1   2    0   0 
                                                        0   1    1   2    0   1 
                                                        0   2    1   2    0   1 
                                                        0   1    1   2    0   1 
                                                        0   2    1   2    0   0 
                                                        0   2    1   2    0   0 
                                                        0   2    1   2    0   0 
                                                        0   2    1   2    0   1 
                                                        0   1    1   2    0   1 
                                                        0   2    1   2    0   1 
                                                        0   1    1   2    0   0 
                                                        0   1    1   2    0   1 
                                                        0   1    1   2    0   0 
                                                        0   2    1   2    0   1 
                   7662        0        0  2        1                           
                                                        0   2    0   0    0   1 
                                                        0   2    0   0    0   1 
                                                        0   2    0   0    0   1 
                                                        0   1    0   0    0   1 
                                                        0   2    0   0    0   0 
                                                        0   1    0   0    0   0 
                                                        0   1    0   0    0   0 
                                                        0   1    0   0    0   0 
                                                        0   1    0   0    0   0 
                                                        0   2    0   0    0   0 
                                                        0   1    0   0    0   1 
                                                        0   2    0   0    0   0 
                                                        0   2    0   0    0   1 
                                                        0   2    0   0    0   0 
                                                        0   2    0   0    0   1 
                                                        0   1    0   0    0   0 
                                                        0   1    0   0    0   1 
                                                        0   2    0   0    0   0 
                                                        0   2    0   0    0   0 
                                                        0   2    0   0    0   0 
                                                        0   2    0   0    0   1 
                                                        0   2    0   0    0   1 
                                                        0   1    0   0    0   1 
                                                        0   1    0   0    0   1 
                                                        0   1    0   0    0   0 
                                                        0   2    0   0    0   0 
                                                        0   2    0   0    0   1 
                                                        0   2    0   0    0   0 
                                                        0   1    0   0    0   0 
                                                        0   1    0   0    0   0 
                                                        0   1    0   0    0   1 
                                                        0   1    0   0    0   0 
                                                        0   2    0   0    0   1 
                                                        0   1    0   0    0   1 
                                                        0   2    0   0    0   1 
                                                        0   1    0   0    0   1 
                                                        0   2    0   0    0   0 
                                                        0   1    0   0    0   1 
                                                        0   2    0   0    0   1 
                                                        0   1    0   0    0   1 
                                                        0   1    0   0    0   0 
                                                        0   1    0   0    0   0 
                                                        0   1    0   0    0   0 
                                                        0   2    0   0    0   1 
                                                        0   1    0   0    0   1 
                                                        0   2    0   0    0   1 
                                                        0   2    0   0    0   0 
                                                        0   1    0   0    0   1 
                                                        0   2    0   0    0   0 
                                                        0   2    0   0    0   1 
                   7651        0        0  1        1                           
                                                        0   2    0   0    0   1 
                                                        0   2    0   0    0   1 
                                                        0   2    0   0    0   1 
                                                        0   1    0   0    0   0 
                                                        0   1    0   0    0   1 
                                                        0   2    0   0    0   0 
                                                        0   2    0   0    0   1 
                                                        0   1    0   0    0   0 
                                                        0   1    0   0    0   1 
                                                        0   1    0   0    0   0 
                                                        0   2    0   0    0   1 
                                                        0   2    0   0    0   1 
                                                        0   1    0   0    0   0 
                                                        0   1    0   0    0   1 
                                                        0   2    0   0    0   1 
                                                        0   1    0   0    0   1 
                                                        0   2    0   0    0   0 
                                                        0   2    0   0    0   0 
                                                        0   1    0   0    0   1 
                                                        0   1    0   0    0   1 
                                                        0   1    0   0    0   1 
                                                        0   1    0   0    0   1 
                                                        0   2    0   0    0   1 
                                                        0   1    0   0    0   1 
                                                        0   1    0   0    0   1 
                                                        0   1    0   0    0   0 
                                                        0   2    0   0    0   0 
                                                        0   1    0   0    0   1 
                                                        0   1    0   0    0   0 
                                                        0   2    0   0    0   0 
                                                        0   1    0   0    0   1 
                                                        0   2    0   0    0   1 
                                                        0   2    0   0    0   1 
                                                        0   1    0   0    0   0 
                                                        0   2    0   0    0   0 
                                                        0   1    0   0    0   0 
                                                        0   2    0   0    0   0 
                                                        0   2    0   0    0   0 
                                                        0   1    0   0    0   0 
                                                        0   2    0   0    0   1 
                                                        0   1    0   0    0   0 
                                                        0   1    0   0    0   1 
                                                        0   1    0   0    0   0 
                                                        0   2    0   0    0   1 
                                                        0   1    0   0    0   1 
                                                        0   2    0   0    0   0 
                                                        0   1    0   0    0   1 
                                                        0   2    0   0    0   1 
                                                        0   2    0   0    0   1 
                                                        0   1    0   0    0   0 
                   7652    76521    76522  2        1                           
                                                        0   2    1   2    0   1 
                                                        0   2    1   2    0   1 
                                                        0   2    1   2    0   1 
                                                        0   2    1   2    0   0 
                                                        0   1    1   2    0   1 
                                                        0   1    1   2    0   0 
                                                        0   2    1   2    0   1 
                                                        0   2    1   2    0   0 
                                                        0   1    1   2    0   1 
                                                        0   2    1   2    0   0 
                                                        0   2    1   2    0   1 
                                                        0   2    1   2    0   1 
                                                        0   2    1   2    0   0 
                                                        0   1    1   2    0   1 
                                                        0   2    1   2    0   1 
                                                        0   1    1   2    0   1 
                                                        0   1    1   2    0   0 
                                                        0   1    1   2    0   0 
                                                        0   1    1   2    0   1 
                                                        0   1    1   2    0   1 
                                                        0   1    1   2    0   1 
                                                        0   1    1   2    0   1 
                                                        0   2    1   2    0   1 
                                                        0   1    1   2    0   1 
                                                        0   1    1   2    0   1 
                                                        0   2    1   2    0   0 
                                                        0   1    1   2    0   0 
                                                        0   1    1   2    0   1 
                                                        0   2    1   2    0   0 
                                                        0   1    1   2    0   0 
                                                        0   1    1   2    0   1 
                                                        0   2    1   2    0   1 
                                                        0   2    1   2    0   1 
                                                        0   2    1   2    0   0 
                                                        0   1    1   2    0   0 
                                                        0   2    1   2    0   0 
                                                        0   1    1   2    0   0 
                                                        0   1    1   2    0   0 
                                                        0   2    1   2    0   0 
                                                        0   2    1   2    0   1 
                                                        0   2    1   2    0   0 
                                                        0   1    1   2    0   1 
                                                        0   2    1   2    0   0 
                                                        0   2    1   2    0   1 
                                                        0   1    1   2    0   1 
                                                        0   1    1   2    0   0 
                                                        0   1    1   2    0   1 
                                                        0   2    1   2    0   1 
                                                        0   2    1   2    0   1 
                                                        0   2    1   2    0   0 
                      6     7661     7662  1        1                           
                                                        2   2    2   2    1   1 
                                                        2   2    2   2    1   1 
                                                        2   2    2   2    1   1 
                                                        1   1    2   2    1   1 
                                                        1   2    2   2    1   1 
                                                        2   1    2   2    1   1 
                                                        2   1    2   2    1   1 
                                                        2   1    2   2    1   1 
                                                        2   1    2   2    1   1 
                                                        1   2    2   2    1   1 
                                                        1   1    2   2    1   1 
                                                        1   2    2   2    1   1 
                                                        2   2    2   2    1   1 
                                                        1   2    2   2    1   1 
                                                        2   2    2   2    1   1 
                                                        2   1    2   2    1   1 
                                                        1   1    2   2    1   1 
                                                        1   2    2   2    1   1 
                                                        1   2    2   2    1   1 
                                                        1   2    2   2    1   1 
                                                        2   2    2   2    1   1 
                                                        2   2    2   2    1   1 
                                                        1   1    2   2    1   1 
                                                        1   1    2   2    1   1 
                                                        2   1    2   2    1   1 
                                                        1   2    2   2    1   1 
                                                        2   2    2   2    1   1 
                                                        1   2    2   2    1   1 
                                                        2   1    2   2    1   1 
                                                        2   1    2   2    1   1 
                                                        1   1    2   2    1   1 
                                                        2   1    2   2    1   1 
                                                        2   2    2   2    1   1 
                                                        1   1    2   2    1   1 
                                                        2   2    2   2    1   1 
                                                        1   1    2   2    1   1 
                                                        1   2    2   2    1   1 
                                                        1   1    2   2    1   1 
                                                        2   2    2   2    1   1 
                                                        1   1    2   2    1   1 
                                                        2   1    2   2    1   1 
                                                        2   1    2   2    1   1 
                                                        2   1    2   2    1   1 
                                                        2   2    2   2    1   1 
                                                        1   1    2   2    1   1 
                                                        2   2    2   2    1   1 
                                                        1   2    2   2    1   1 
                                                        1   1    2   2    1   1 
                                                        1   2    2   2    1   1 
                                                        2   2    2   2    1   1 
                      5     7651     7652  2        1                           
                                                        2   2    2   2    1   1 
                                                        2   2    2   2    1   1 
                                                        2   2    2   2    1   1 
                                                        1   2    2   2    1   1 
                                                        1   1    2   2    1   1 
                                                        2   1    2   2    1   1 
                                                        2   2    2   2    1   1 
                                                        1   2    2   2    1   1 
                                                        1   1    2   2    1   1 
                                                        1   2    2   2    1   1 
                                                        2   2    2   2    1   1 
                                                        2   2    2   2    1   1 
                                                        1   2    2   2    1   1 
                                                        1   1    2   2    1   1 
                                                        2   2    2   2    1   1 
                                                        1   1    2   2    1   1 
                                                        2   1    2   2    1   1 
                                                        2   1    2   2    1   1 
                                                        1   1    2   2    1   1 
                                                        1   1    2   2    1   1 
                                                        1   1    2   2    1   1 
                                                        1   1    2   2    1   1 
                                                        2   2    2   2    1   1 
                                                        1   1    2   2    1   1 
                                                        1   1    2   2    1   1 
                                                        1   2    2   2    1   1 
                                                        2   1    2   2    1   1 
                                                        1   1    2   2    1   1 
                                                        1   2    2   2    1   1 
                                                        2   1    2   2    1   1 
                                                        1   1    2   2    1   1 
                                                        2   2    2   2    1   1 
                                                        2   2    2   2    1   1 
                                                        1   2    2   2    1   1 
                                                        2   1    2   2    1   1 
                                                        1   2    2   2    1   1 
                                                        2   1    2   2    1   1 
                                                        2   1    2   2    1   1 
                                                        1   2    2   2    1   1 
                                                        2   2    2   2    1   1 
                                                        1   2    2   2    1   1 
                                                        1   1    2   2    1   1 
                                                        1   2    2   2    1   1 
                                                        2   2    2   2    1   1 
                                                        1   1    2   2    1   1 
                                                        2   1    2   2    1   1 
                                                        1   1    2   2    1   1 
                                                        2   2    2   2    1   1 
                                                        2   2    2   2    1   1 
                                                        1   2    2   2    1   1 
                     11        6        5  2        1                           
                                                        2   2    2   2    1   1 
                                                        2   2    2   2    1   1 
                                                        2   2    2   2    1   1 
                                                        1   2    2   2    1   1 
                                                        2   1    2   2    1   1 
                                                        1   1    2   2    1   1 
                                                        1   2    2   2    1   1 
                                                        1   2    2   2    1   1 
                                                        1   1    2   2    1   1 
                                                        2   2    2   2    1   1 
                                                        1   2    2   2    1   1 
                                                        2   2    2   2    1   1 
                                                        2   2    2   2    1   1 
                                                        2   1    2   2    1   1 
                                                        2   2    2   2    1   1 
                                                        1   1    2   2    1   1 
                                                        1   1    2   2    1   1 
                                                        2   1    2   2    1   1 
                                                        2   1    2   2    1   1 
                                                        2   1    2   2    1   1 
                                                        2   1    2   2    1   1 
                                                        2   1    2   2    1   1 
                                                        1   2    2   2    1   1 
                                                        1   1    2   2    1   1 
                                                        1   1    2   2    1   1 
                                                        2   2    2   2    1   1 
                                                        2   1    2   2    1   1 
                                                        2   1    2   2    1   1 
                                                        1   2    2   2    1   1 
                                                        1   1    2   2    1   1 
                                                        1   1    2   2    1   1 
                                                        1   2    2   2    1   1 
                                                        2   2    2   2    1   1 
                                                        1   2    2   2    1   1 
                                                        2   1    2   2    1   1 
                                                        1   2    2   2    1   1 
                                                        2   1    2   2    1   1 
                                                        1   1    2   2    1   1 
                                                        2   2    2   2    1   1 
                                                        1   2    2   2    1   1 
                                                        1   2    2   2    1   1 
                                                        1   1    2   2    1   1 
                                                        1   2    2   2    1   1 
                                                        2   2    2   2    1   1 
                                                        1   1    1   2    1   1 
                                                        2   1    1   2    1   1 
                                                        1   1    1   2    1   1 
                                                        1   2    1   2    1   1 
                                                        1   2    1   2    1   1 
                                                        2   2    1   2    1   1 
                     10        6        5  2        1                           
                                                        2   2    2   1    1   1 
                                                        2   2    2   1    1   1 
                                                        2   2    2   1    1   1 
                                                        1   1    2   1    1   1 
                                                        2   1    2   1    1   1 
                                                        1   2    2   1    1   1 
                                                        1   2    2   1    1   1 
                                                        1   1    2   1    1   1 
                                                        1   1    2   1    1   1 
                                                        2   1    2   1    1   1 
                                                        1   2    2   1    1   1 
                                                        2   2    2   1    1   1 
                                                        2   1    2   1    1   1 
                                                        2   1    2   1    1   1 
                                                        2   2    2   1    1   1 
                                                        1   1    2   1    1   1 
                                                        1   2    2   1    1   1 
                                                        2   2    2   1    1   1 
                                                        2   1    2   1    1   1 
                                                        2   1    2   1    1   1 
                                                        2   1    2   1    1   1 
                                                        2   1    2   1    1   1 
                                                        1   2    2   1    1   1 
                                                        1   1    2   1    1   1 
                                                        1   1    2   1    1   1 
                                                        2   1    2   1    1   1 
                                                        2   2    2   1    1   1 
                                                        2   1    2   1    1   1 
                                                        1   1    2   1    1   1 
                                                        1   2    2   1    1   1 
                                                        1   1    2   1    1   1 
                                                        1   2    2   1    1   1 
                                                        2   2    2   1    1   1 
                                                        1   1    2   1    1   1 
                                                        2   2    2   1    1   1 
                                                        1   1    2   1    1   1 
                                                        2   2    2   1    1   1 
                                                        1   2    2   1    1   1 
                                                        2   1    2   1    1   1 
                                                        1   2    2   1    1   1 
                                                        1   1    2   1    1   1 
                                                        1   1    2   1    1   1 
                                                        1   1    2   1    1   1 
                                                        2   2    2   1    1   1 
                                                        1   1    2   1    1   1 
                                                        2   2    2   1    1   1 
                                                        2   1    2   1    1   1 
                                                        1   2    2   1    1   1 
                                                        2   2    2   1    1   1 
                                                        2   1    2   1    1   1 
                      9        6        5  1        1                           
                                                        2   2    1   2    1   1 
                                                        2   2    1   2    1   1 
                                                        2   2    1   2    1   1 
                                                        1   2    1   2    1   1 
                                                        1   1    1   2    1   1 
                                                        2   1    1   2    1   1 
                                                        2   2    1   2    1   1 
                                                        2   2    1   2    1   1 
                                                        2   1    1   2    1   1 
                                                        1   2    1   2    1   1 
                                                        1   2    1   2    1   1 
                                                        1   2    1   2    1   1 
                                                        2   2    1   2    1   1 
                                                        1   1    1   2    1   1 
                                                        2   2    1   2    1   1 
                                                        2   1    1   2    1   1 
                                                        1   1    1   2    1   1 
                                                        1   1    1   2    1   1 
                                                        1   1    1   2    1   1 
                                                        1   1    1   2    1   1 
                                                        2   1    1   2    1   1 
                                                        2   1    1   2    1   1 
                                                        1   2    1   2    1   1 
                                                        1   1    1   2    1   1 
                                                        2   1    1   2    1   1 
                                                        1   2    1   2    1   1 
                                                        2   1    1   2    1   1 
                                                        2   1    2   2    1   1 
                                                        1   2    2   2    1   1 
                                                        1   1    2   2    1   1 
                                                        1   1    2   2    1   1 
                                                        1   2    2   2    1   1 
                                                        2   2    2   2    1   1 
                                                        1   2    2   2    1   1 
                                                        2   1    2   2    1   1 
                                                        1   2    2   2    1   1 
                                                        2   1    2   2    1   1 
                                                        1   1    2   2    1   1 
                                                        2   2    2   2    1   1 
                                                        1   2    2   2    1   1 
                                                        1   2    2   2    1   1 
                                                        1   1    2   2    1   1 
                                                        1   2    2   2    1   1 
                                                        2   2    2   2    1   1 
                                                        1   1    2   2    1   1 
                                                        2   1    2   2    1   1 
                                                        2   1    2   2    1   1 
                                                        1   2    2   2    1   1 
                                                        2   2    2   2    1   1 
                                                        2   2    2   2    1   1 
                      8        6        5  1        1                           
                                                        2   2    2   2    1   1 
                                                        2   2    2   2    1   1 
                                                        2   2    2   2    1   1 
                                                        1   2    2   2    1   1 
                                                        2   1    2   2    1   1 
                                                        1   1    2   2    1   1 
                                                        1   2    2   2    1   1 
                                                        1   2    2   2    1   1 
                                                        1   1    2   2    1   1 
                                                        2   2    2   2    1   1 
                                                        1   2    2   2    1   1 
                                                        2   2    2   2    1   1 
                                                        2   2    2   2    1   1 
                                                        2   1    2   2    1   1 
                                                        2   2    2   2    1   1 
                                                        1   1    2   2    1   1 
                                                        1   1    2   2    1   1 
                                                        2   1    2   2    1   1 
                                                        2   1    2   2    1   1 
                                                        2   1    2   2    1   1 
                                                        2   1    2   2    1   1 
                                                        2   1    2   2    1   1 
                                                        1   2    2   2    1   1 
                                                        1   1    2   2    1   1 
                                                        1   1    2   2    1   1 
                                                        2   2    2   2    1   1 
                                                        2   1    2   2    1   1 
                                                        2   1    2   2    1   1 
                                                        1   2    2   2    1   1 
                                                        1   1    2   2    1   1 
                                                        1   1    2   2    1   1 
                                                        1   2    2   2    1   1 
                                                        2   2    2   2    1   1 
                                                        1   2    2   2    1   1 
                                                        2   1    2   2    1   1 
                                                        1   2    2   2    1   1 
                                                        2   1    2   2    1   1 
                                                        1   1    2   2    1   1 
                                                        2   2    2   2    1   1 
                                                        1   2    2   2    1   1 
                                                        1   2    2   2    1   1 
                                                        1   1    2   2    1   1 
                                                        1   2    2   2    1   1 
                                                        2   2    2   2    1   1 
                                                        1   1    2   2    1   1 
                                                        2   1    2   2    1   1 
                                                        2   1    2   2    1   1 
                                                        1   2    2   2    1   1 
                                                        2   2    2   2    1   1 
                                                        2   2    2   2    1   1 
                      7        6        5  1        2*                          
                                                        2   2    1   1    1   1 
                                                        2   2    1   1    1   1 
                                                        2   2    1   1    1   1 
                                                        1   1    1   1    1   1 
                                                        1   1    1   1    1   1 
                                                        2   2    1   1    1   1 
                                                        2   2    1   1    1   1 
                                                        2   1    1   1    1   1 
                                                        2   1    1   1    1   1 
                                                        1   1    1   1    1   1 
                                                        1   2    1   1    1   1 
                                                        1   2    1   1    1   1 
                                                        2   1    1   1    1   1 
                                                        1   1    1   1    1   1 
                                                        2   2    1   1    1   1 
                                                        2   1    1   1    1   1 
                                                        1   2    1   1    1   1 
                                                        1   2    1   1    1   1 
                                                        1   1    1   1    1   1 
                                                        1   1    1   1    1   1 
                                                        2   1    1   1    1   1 
                                                        2   1    1   1    1   1 
                                                        1   2    1   1    1   1 
                                                        1   1    1   1    1   1 
                                                        2   1    1   1    1   1 
                                                        1   1    1   1    1   1 
                                                        2   2    1   1    1   1 
                                                        1   1    1   1    1   1 
                                                        2   1    1   1    1   1 
                                                        2   2    1   1    1   1 
                                                        1   1    1   1    1   1 
                                                        2   2    1   1    1   1 
                                                        2   2    1   1    1   1 
                                                        1   1    1   1    1   1 
                                                        2   2    1   1    1   1 
                                                        1   1    1   1    1   1 
                                                        1   2    1   1    1   1 
                                                        1   2    1   1    1   1 
                                                        2   1    1   1    1   1 
                                                        1   2    1   1    1   1 
                                                        2   1    1   1    1   1 
                                                        2   1    1   1    1   1 
                                                        2   1    1   1    1   1 
                                                        2   2    1   1    1   1 
                                                        1   1    1   1    1   1 
                                                        2   2    1   1    1   1 
                                                        1   1    1   1    1   1 
                                                        1   2    1   1    1   1 
                                                        1   2    1   1    1   1 
                                                        2   1    1   1    1   1 
________________________________________________________________________________
