     1001,       20,         ,         ,        1,         ,        1,         &
 2  | 2  , 2  | 2  , 2  | 2  , 1  | 2  , 1  | 2  , 1  | 1  , 2  | 1  , 1  | 2  , 1  | 2  , 2  | 1  , 2  | 2  , 2  | 2  , 2  | 1  , 1  | 1  , 1  | 2  , 2  | 1  , 1  | 2  , 1  | 2  , 1  | 1  , 1  | 1  , 2  | 2  , 2  | 2  , 2  | 1  , 1  | 1  , 2  | 2  ,    &
 2  | 1  , 1  | 2  , 2  | 1  , 1  | 2  , 1  | 1  , 2  | 1  , 2  | 2  , 2  | 2  , 1  | 1  , 2  | 2  , 2  | 1  , 2  | 2  , 1  | 1  , 2  | 2  , 1  | 1  , 2  | 2  , 1  | 2  , 2  | 2  , 1  | 2  , 1  | 1  , 2  | 1  , 1  | 1  , 1  | 2  , 2  | 1  , 2  | 1  ,    &
 1       ,                                                                      
     1001,       21,         ,         ,        2,         ,        1,         &
 2  | 2  , 2  | 2  , 2  | 2  , 2  | 1  , 2  | 1  , 1  | 1  , 1  | 2  , 2  | 2  , 2  | 2  , 1  | 1  , 1  | 2  , 2  | 2  , 2  | 2  , 1  | 1  , 1  | 1  , 1  | 2  , 2  | 1  , 1  | 1  , 1  | 1  , 1  | 1  , 2  | 1  , 1  | 2  , 1  | 1  , 2  | 1  , 1  | 1  ,    &
 2  | 2  , 1  | 2  , 1  | 1  , 2  | 1  , 2  | 1  , 2  | 2  , 1  | 2  , 2  | 1  , 1  | 1  , 2  | 2  , 1  | 1  , 1  | 1  , 1  | 2  , 2  | 1  , 1  | 2  , 2  | 2  , 1  | 1  , 2  | 1  , 2  | 2  , 1  | 1  , 2  | 2  , 1  | 1  , 1  | 2  , 2  | 1  , 2  | 2  ,    &
 1       ,                                                                      
     1001,       22,       20,       21,        1,         ,        2,         &
 2  | 2  , 2  | 2  , 2  | 2  , 1  | 2  , 1  | 2  , 1  | 1  , 2  | 1  , 1  | 2  , 1  | 2  , 2  | 1  , 2  | 1  , 2  | 2  , 2  | 2  , 1  | 1  , 1  | 1  , 2  | 1  , 1  | 2  , 1  | 1  , 1  | 1  , 1  | 1  , 2  | 2  , 2  | 1  , 2  | 1  , 1  | 2  , 2  | 1  ,    &
 2  | 2  , 1  | 1  , 2  | 1  , 1  | 2  , 1  | 2  , 2  | 2  , 2  | 1  , 2  | 2  , 1  | 1  , 2  | 2  , 2  | 1  , 2  | 1  , 1  | 1  , 2  | 2  , 1  | 1  , 2  | 2  , 1  | 1  , 2  | 2  , 1  | 2  , 1  | 1  , 2  | 2  , 1  | 1  , 1  | 1  , 2  | 2  , 2  | 2  ,    &
 2       ,                                                                      
     1001,       23,       20,       21,        2,         ,        1,         &
 2  | 2  , 2  | 2  , 2  | 2  , 2  | 1  , 2  | 1  , 1  | 1  , 1  | 2  , 2  | 2  , 2  | 2  , 1  | 1  , 2  | 2  , 2  | 2  , 1  | 2  , 1  | 1  , 2  | 1  , 1  | 2  , 2  | 1  , 2  | 1  , 1  | 1  , 1  | 1  , 2  | 1  , 2  | 2  , 1  | 1  , 1  | 1  , 2  | 1  ,    &
 1  | 2  , 2  | 2  , 1  | 1  , 2  | 1  , 1  | 1  , 1  | 2  , 2  | 2  , 2  | 1  , 1  | 1  , 2  | 2  , 1  | 1  , 2  | 1  , 1  | 2  , 2  | 1  , 1  | 2  , 2  | 2  , 2  | 1  , 2  | 1  , 2  | 2  , 1  | 1  , 1  | 2  , 1  | 1  , 2  | 2  , 1  | 1  , 1  | 2  ,    &
 1       ,                                                                      
&!______________________________________________________________________________
