     1002,       16,         ,         ,        1,         ,        1,         &
 2  | 2  , 2  | 2  , 1  | 2  , 2  | 2  , 1  | 1  , 1  | 1  , 1  | 1  , 1  | 2  , 1  | 1  , 2  | 1  , 2  | 2  , 2  | 2  , 2  | 1  , 2  | 1  , 2  | 1  , 2  | 1  , 1  | 2  , 1  | 1  , 1  | 1  , 1  | 1  , 1  | 1  , 2  | 2  , 2  | 1  , 2  | 1  , 1  | 2  ,    &
 1  | 1  , 2  | 2  , 1  | 1  , 2  | 2  , 2  | 2  , 1  | 1  , 2  | 2  , 2  | 2  , 1  | 2  , 2  | 2  , 2  | 1  , 2  | 2  , 2  | 1  , 1  | 2  , 1  | 1  , 2  | 2  , 1  | 2  , 2  | 2  , 2  | 2  , 1  | 2  , 1  | 2  , 1  | 2  , 1  | 1  , 1  | 1  , 2  | 1  ,    &
 1       ,                                                                      
     1002,       15,         ,         ,        2,         ,        1,         &
 2  | 2  , 1  | 1  , 2  | 2  , 1  | 2  , 1  | 1  , 1  | 1  , 1  | 1  , 2  | 2  , 1  | 2  , 2  | 1  , 2  | 2  , 2  | 2  , 1  | 2  , 1  | 1  , 2  | 2  , 2  | 1  , 1  | 2  , 2  | 1  , 1  | 1  , 1  | 1  , 2  | 1  , 2  | 2  , 1  | 1  , 2  | 1  , 1  | 2  ,    &
 1  | 1  , 2  | 2  , 1  | 1  , 1  | 2  , 2  | 1  , 1  | 2  , 2  | 2  , 2  | 1  , 1  | 1  , 2  | 2  , 2  | 1  , 2  | 1  , 1  | 2  , 1  | 1  , 2  | 2  , 2  | 2  , 1  | 1  , 2  | 1  , 2  | 2  , 2  | 1  , 1  | 2  , 1  | 1  , 1  | 2  , 1  | 1  , 2  | 2  ,    &
 1       ,                                                                      
     1002,       17,       16,       15,        2,         ,        2,         &
 2  | 2  , 2  | 1  , 1  | 2  , 2  | 2  , 1  | 1  , 1  | 1  , 1  | 1  , 1  | 2  , 1  | 2  , 2  | 1  , 2  | 2  , 2  | 2  , 2  | 2  , 2  | 1  , 2  | 2  , 2  | 1  , 1  | 2  , 1  | 1  , 1  | 1  , 1  | 1  , 1  | 1  , 2  | 2  , 2  | 1  , 2  | 1  , 1  | 2  ,    &
 1  | 1  , 2  | 2  , 1  | 1  , 2  | 2  , 2  | 1  , 1  | 2  , 2  | 2  , 2  | 1  , 1  | 1  , 2  | 2  , 2  | 1  , 2  | 1  , 2  | 2  , 1  | 1  , 1  | 2  , 2  | 2  , 1  | 1  , 2  | 1  , 2  | 2  , 1  | 1  , 1  | 2  , 1  | 1  , 1  | 2  , 1  | 1  , 2  | 2  ,    &
 2       ,                                                                      
     1002,       18,       16,       15,        2,         ,        1,         &
 2  | 2  , 2  | 1  , 1  | 2  , 2  | 2  , 1  | 1  , 1  | 1  , 1  | 1  , 1  | 2  , 1  | 2  , 2  | 1  , 2  | 2  , 2  | 2  , 2  | 2  , 2  | 1  , 2  | 2  , 2  | 1  , 1  | 2  , 1  | 1  , 1  | 1  , 1  | 1  , 1  | 1  , 2  | 2  , 2  | 1  , 2  | 1  , 1  | 2  ,    &
 1  | 1  , 2  | 2  , 1  | 1  , 2  | 2  , 2  | 1  , 1  | 2  , 2  | 2  , 2  | 1  , 1  | 1  , 2  | 2  , 2  | 1  , 2  | 1  , 2  | 2  , 1  | 1  , 1  | 2  , 2  | 2  , 1  | 1  , 2  | 1  , 2  | 2  , 1  | 1  , 1  | 2  , 1  | 1  , 1  | 2  , 1  | 1  , 2  | 2  ,    &
 1       ,                                                                      
     1002,       19,       16,       15,        1,         ,        1,         &
 2  | 2  , 2  | 1  , 1  | 2  , 2  | 1  , 1  | 1  , 1  | 1  , 1  | 1  , 1  | 2  , 1  | 1  , 2  | 2  , 2  | 2  , 2  | 2  , 2  | 1  , 2  | 1  , 2  | 2  , 2  | 2  , 1  | 1  , 1  | 2  , 1  | 1  , 1  | 1  , 1  | 2  , 2  | 2  , 2  | 1  , 2  | 2  , 1  | 1  ,    &
 1  | 1  , 2  | 2  , 1  | 1  , 2  | 1  , 2  | 2  , 1  | 1  , 2  | 2  , 2  | 2  , 1  | 1  , 2  | 2  , 2  | 2  , 2  | 2  , 2  | 1  , 1  | 1  , 1  | 2  , 2  | 2  , 1  | 1  , 2  | 2  , 2  | 2  , 1  | 2  , 1  | 1  , 1  | 1  , 1  | 1  , 1  | 1  , 2  | 2  ,    &
 1       ,                                                                      
&!______________________________________________________________________________
