#Chr    Genpos       Marker     Physpos    Nr
 06  80.92431929   rs6929762   66765998    1
 06  80.97523838   rs6919921   66972978    2
 06  81.23788071   rs1398803   67096461    3
 06  81.29158922   rs1464072   67180476    4
 06  81.38559903   rs6924193   67214227    5
 06  81.43972312   rs1224521   67297018    6
 06  81.49551444   rs9354442   67322974    7
 06  81.61208227    rs183895   67392564    8
 06  81.67022056  rs12201073   67545323    9
 06  81.81221976   rs4544889   67618665   10
 06  81.88481207   rs9354503   67690792   11
 06  81.95791102   rs9445804   67780883   12
 06  82.01542857  rs16899152   67941933   13
 06  82.12401626   rs7766725   67988664   14
 06  82.17474448   rs9454120   68141426   15
 06  82.22801804    rs856817   68333582   16
 06  82.28459778  rs12195466   68551252   17
 06  82.37602135   rs1399224   68606194   18
 06  82.44730707  rs12153928   68784631   19
 06  82.50291854    rs701716   68872204   20
 06  82.56969401    rs701713   68917477   21
 06  82.62340239   rs7454318   68972611   22
 06  82.68058291   rs9454457   69041977   23
 06  82.76583205   rs1907149   69138866   24
 06  82.85034207   rs6922980   69226126   25
 06  82.98935922   rs2802681   69457482   26
 06  83.08980781    rs571299   69597671   27
 06  83.14042972   rs3798992   69755259   28
 06  83.19070027   rs3799039   69883228   29
 06  83.26299709   rs9454742   70169719   30
 06  83.43358291   rs7752231   70421877   31
 06  83.51383675   rs9454900   70587302   32
 06  83.56420157  rs16868360   70681887   33
 06  83.67056043   rs3828767   70799972   34
 06  83.73058675   rs6937838   70810855   35
 06  83.79526571   rs9446206   70904106   36
 06  83.84568127    rs883708   71033259   37
 06  83.89604490   rs1321061   71055284   38
 06  84.01511885    rs498373   71077051   39
 06  84.16561233   rs7772055   71121016   40
 06  84.22838625   rs9446271   71356370   41
 06  84.35296877    rs781994   71414885   42
 06  84.43355178   rs1619936   71655266   43
 06  84.60702341   rs9294882   71706893   44
 06  84.65982495  rs13208627   71809225   45
 06  84.72000078    rs992998   71876722   46
 06  84.77270595   rs9294888   71989993   47
 06  84.83593386   rs7748559   72050422   48
 06  84.89359097   rs2222722   72170433   49
 06  84.94365597  rs12195791   72261853   50
