#Chr    Genpos       Marker     Physpos    Nr
 06  110.10517286   rs1269287  106058532    1
 06  110.20403570   rs6919641  106089932    2
 06  110.31522266   rs4946673  106107523    3
 06  110.37069346    rs714530  106149578    4
 06  110.54604180   rs2027873  106166337    5
 06  110.60196314   rs4440505  106293118    6
 06  110.75851638   rs2895618  106373066    7
 06  110.88069089  rs11966261  106409967    8
 06  111.08761586  rs13437093  106429443    9
 06  111.26601503   rs4568493  106436659   10
 06  111.35984063   rs9386492  106475402   11
 06  111.41485578  rs11152943  106511795   12
 06  111.48578598   rs9480625  106521683   13
 06  111.56009503   rs6925611  106618625   14
 06  111.67618352    rs535490  106671127   15
 06  111.72659268   rs9398069  106707858   16
 06  111.80555231   rs1322178  106738473   17
 06  111.86108550  rs17251215  106927858   18
 06  111.94996687   rs2749083  106942992   19
 06  112.00133880    rs987377  106967405   20
 06  112.05855608    rs927016  106992478   21
 06  112.12195837   rs6905896  107020698   22
 06  112.27500770   rs6925883  107032403   23
 06  112.33591630   rs7760555  107051513   24
 06  112.39317197   rs1159148  107073878   25
 06  112.44372299    rs898898  107170233   26
 06  112.49960475   rs3127660  107240412   27
 06  112.55594556   rs6915445  107281208   28
 06  112.62324420   rs1022630  107296340   29
 06  112.69689397   rs3117418  107323246   30
 06  113.20522849   rs3099605  107435788   31
 06  113.30170772    rs311232  107503351   32
 06  113.56114594   rs6568468  107579642   33
 06  113.63327788  rs17068076  107643700   34
 06  113.68434050   rs7745716  107820014   35
 06  113.73967900   rs6940398  107992696   36
 06  113.81682821   rs9373956  108035718   37
 06  113.97991416    rs847003  108108177   38
 06  114.03211112   rs1728118  108136211   39
 06  114.14805377   rs6934505  108174696   40
 06  114.22859461  rs17528372  108200350   41
 06  114.29296066   rs6900051  108272641   42
 06  114.42931173   rs9372175  108409284   43
 06  114.50275591   rs2050042  108415352   44
 06  114.58713470   rs7770621  108439044   45
 06  114.66187351   rs9400180  108461591   46
 06  114.81553714   rs4946900  108522085   47
 06  114.87838492   rs6919324  108548915   48
 06  115.00547944    rs218291  108573717   49
 06  115.07642030    rs217520  108600042   50
