#Chr    Genpos       Marker     Physpos    Nr
 06  73.48951273   rs1126287   50375792    1
 06  73.54626912   rs9349542   50497511    2
 06  73.60630625   rs7758661   50518266    3
 06  73.65821102   rs6906927   50580886    4
 06  73.71044020   rs2272903   50894530    5
 06  73.76060180  rs12215345   51053949    6
 06  73.81069498   rs9463680   51251060    7
 06  73.86193318   rs2796908   51282577    8
 06  73.91404737  rs12207656   51513515    9
 06  73.96950649   rs6937025   51638724   10
 06  74.02194779  rs16881828   51720009   11
 06  74.13267813   rs9349603   51828797   12
 06  74.28730787   rs1896967   51936437   13
 06  74.33987859   rs1413917   52110269   14
 06  74.47905756   rs8193037   52159068   15
 06  74.53025320  rs12201582   52212648   16
 06  74.66510412    rs472589   52311791   17
 06  74.78572518   rs6912417   52320969   18
 06  74.83736905  rs10456660   52361798   19
 06  74.89068600   rs4715307   52532677   20
 06  74.99847014   rs7746685   52558406   21
 06  75.05687195    rs723815   52627162   22
 06  75.26555627   rs2180312   52712013   23
 06  75.31980512  rs13215455   52847613   24
 06  75.47825751    rs668163   52860993   25
 06  75.57284904  rs10456664   52918612   26
 06  75.67206390  rs11962677   52923725   27
 06  75.74577155  rs17608022   52940036   28
 06  75.81654627   rs2816346   53106747   29
 06  75.86726428  rs10484663   53183217   30
 06  75.91924453   rs9474466   53219476   31
 06  75.99735227    rs934147   53347567   32
 06  76.12732034  rs12209741   53391346   33
 06  76.27206304   rs1467408   53459248   34
 06  76.32250529   rs2397146   53468078   35
 06  76.48584171    rs510088   53516748   36
 06  76.54898013   rs7738142   53529869   37
 06  76.60237184    rs809942   53551228   38
 06  76.65371784    rs676965   53584729   39
 06  76.72151808  rs12210809   53627816   40
 06  76.77354608   rs9370225   53654545   41
 06  76.96048160   rs4715416   53673991   42
 06  77.01115549   rs3001006   53808052   43
 06  77.10425647   rs9370251   53955631   44
 06  77.15610673  rs12206659   53977180   45
 06  77.25348781   rs9382278   54010676   46
 06  77.30610066    rs499594   54083872   47
 06  77.38063565   rs2136136   54263630   48
 06  77.43477477   rs3907818   54386233   49
 06  77.49481755   rs9367581   54527706   50
