#Chr    Genpos       Marker     Physpos    Nr
 06  155.01200240   rs7761698  149483938    1
 06  155.06698852   rs7766009  149555212    2
 06  155.11989215   rs4897097  149615521    3
 06  155.22714807    rs610707  149656411    4
 06  155.28309627   rs2179367  149804230    5
 06  155.33699400   rs4897127  149849216    6
 06  155.42491276   rs6925151  150252416    7
 06  155.52525309   rs9479184  150303054    8
 06  155.58635763   rs4870174  150345094    9
 06  155.64818476   rs9383633  150360044   10
 06  155.70304615    rs789830  150449789   11
 06  155.76159949   rs7743003  150488835   12
 06  155.82362236   rs6557340  150519393   13
 06  155.91115106   rs9397722  150543740   14
 06  156.04813106    rs926930  150577395   15
 06  156.12693690  rs12212378  150631164   16
 06  156.17966208   rs9397821  150649831   17
 06  156.42010092   rs1890522  150685423   18
 06  156.47273611    rs688015  150717523   19
 06  156.52879520    rs671675  150728867   20
 06  156.66875700    rs652800  150783129   21
 06  156.73379522   rs7751747  150803621   22
 06  156.78594747   rs9480467  150861091   23
 06  156.85101645   rs1492576  150950306   24
 06  156.91728730   rs6904488  150966310   25
 06  156.97037371   rs6557548  150994462   26
 06  157.05618428   rs7738394  151048617   27
 06  157.10977425   rs4449641  151078143   28
 06  157.16112924  rs13198996  151108967   29
 06  157.21832854   rs9383848  151162379   30
 06  157.35146416    rs712213  151174621   31
 06  157.40493080   rs6917461  151197034   32
 06  157.52794544   rs2073063  151240764   33
 06  157.67076568    rs803420  151261107   34
 06  157.91001920   rs1474787  151295075   35
 06  157.96007526    rs803470  151312188   36
 06  158.10104737    rs505358  151369541   37
 06  158.18382912   rs6914261  151414076   38
 06  158.31241880   rs4869988  151474178   39
 06  158.36652456   rs6924562  151508875   40
 06  158.50321050   rs1535831  151538033   41
 06  158.63777780   rs6557123  151605268   42
 06  158.68988801   rs9383562  151624325   43
 06  158.79050753   rs2294794  151669255   44
 06  158.92641727  rs12210237  151681292   45
 06  159.06830006    rs222575  151701171   46
 06  159.12593688   rs6904364  151795966   47
 06  159.17922754  rs17054385  151895787   48
 06  159.26526557   rs9397433  151961125   49
 06  159.31625701   rs7752591  151988761   50
