#Chr    Genpos       Marker     Physpos    Nr
 06  101.31375696    rs351331   94186745    1
 06  101.44328599   rs1906980   94404759    2
 06  101.50633527   rs7765999   94625152    3
 06  101.57382334    rs574793   94867896    4
 06  101.63310053  rs12216311   94961207    5
 06  101.68410621  rs12529767   95060165    6
 06  101.79437496    rs461442   95122082    7
 06  101.87129287   rs2325585   95149574    8
 06  101.93285269   rs1322422   95233080    9
 06  102.05711630   rs9445284   95244735   10
 06  102.10834890    rs993200   95377539   11
 06  102.16129959   rs2502037   95424156   12
 06  102.29189568    rs794669   95561061   13
 06  102.34941888    rs197902   95649511   14
 06  102.40228493   rs2380218   95947837   15
 06  102.45646419   rs9320526   96132167   16
 06  102.51188615   rs4839992   96300666   17
 06  102.56422378   rs6936274   96383129   18
 06  102.61932090   rs2799665   96415764   19
 06  102.70923111   rs4840174   96501344   20
 06  102.82920929   rs9322615   96588173   21
 06  102.89886288   rs2248641   96599954   22
 06  102.94969401   rs7768506   96781476   23
 06  103.00620431   rs9384578   96953696   24
 06  103.21216972   rs1413522   97209336   25
 06  103.26643169  rs17056960   97281025   26
 06  103.35346185    rs850577   97471960   27
 06  103.40815935   rs9320375   97555763   28
 06  103.51084694   rs1206155   97655927   29
 06  103.58054882  rs10499010   97871166   30
 06  103.63323629   rs4391266   98151353   31
 06  103.79350648   rs9401123   98289833   32
 06  103.84774566   rs9489706   98321116   33
 06  103.89843935   rs9372650   98502142   34
 06  104.08124133   rs9388482   99012654   35
 06  104.28416523    rs158773   99056271   36
 06  104.34241728    rs150396   99069312   37
 06  104.39839716  rs17829357   99124453   38
 06  104.51772110   rs9375604   99276760   39
 06  104.64355952  rs10499023   99333450   40
 06  104.72863911   rs9375728   99433211   41
 06  104.78847691   rs9402444   99645874   42
 06  104.94910041  rs12528619   99782629   43
 06  105.00057234  rs11963108   99900336   44
 06  105.05238046   rs2038715  100089060   45
 06  105.11802611   rs6908196  100291982   46
 06  105.20211103   rs9321763  100392848   47
 06  105.33320301   rs9495657  100400252   48
 06  105.40249152  rs13212643  100535034   49
 06  105.46560326   rs4642484  100558771   50
