#Chr    Genpos       Marker     Physpos    Nr
 06   0.00382472   rs7774353     100815    1
 06   0.17445602   rs9501714     135248    2
 06   0.24699968   rs6920539     151528    3
 06   0.32834839    rs727056     170044    4
 06   0.37957253   rs9328070     179871    5
 06   0.46515165   rs1150764     229613    6
 06   0.79842512   rs2797307     339293    7
 06   0.85224030   rs9378808     366317    8
 06   0.94796450   rs4275100     412414    9
 06   1.03674330   rs6597037     418248   10
 06   1.20348846   rs9504180     463059   11
 06   1.26449678   rs2073009     517480   12
 06   1.31709189   rs4960096     551568   13
 06   1.37671000   rs7454457     613627   14
 06   1.43685396   rs2788222     660282   15
 06   1.51365469   rs1933652     686043   16
 06   1.58346903   rs9392857     709818   17
 06   1.64660239   rs7761470     756952   18
 06   1.73224451   rs4959455     772388   19
 06   1.83359812   rs7770224     785475   20
 06   1.91605001   rs9378518     806084   21
 06   2.06020929   rs2784968     848764   22
 06   2.14933125  rs11755910     917155   23
 06   2.20046342    rs845896     953959   24
 06   2.26629783   rs1764123     973789   25
 06   2.34875958  rs11966212    1001155   26
 06   2.45620128   rs2143396    1008883   27
 06   2.51009981   rs9391899    1032864   28
 06   2.68257358   rs6915235    1080502   29
 06   2.73737086   rs7454978    1094700   30
 06   2.83663270   rs1161761    1112422   31
 06   2.88769867    rs238051    1177766   32
 06   3.00793790    rs238074    1193169   33
 06   3.09133379   rs2496281    1215046   34
 06   3.41928465  rs10793833    1235388   35
 06   3.52493544    rs893235    1254918   36
 06   3.57700055   rs1737766    1306843   37
 06   3.63159076  rs10498654    1319276   38
 06   3.75459954   rs9405137    1330258   39
 06   3.87383005   rs2293783    1340042   40
 06   3.95557430   rs9378623    1357673   41
 06   4.02786400  rs10458124    1388098   42
 06   4.18567022   rs2816272    1409678   43
 06   4.34565377   rs9378296    1427076   44
 06   4.40591268   rs7763653    1451179   45
 06   4.45615176   rs2569865    1474786   46
 06   4.53762165   rs6916316    1527558   47
 06   4.69445154    rs742554    1534001   48
 06   4.87581965   rs2745593    1548401   49
 06   5.04932069   rs9405142    1577298   50
