#Chr    Genpos       Marker     Physpos    Nr
 06  89.00069451   rs1304885   78387412    1
 06  89.07740947    rs483602   78449843    2
 06  89.13333502   rs7758172   78781259    3
 06  89.25218034    rs699171   79019038    4
 06  89.33748994    rs600188   79241825    5
 06  89.39652420   rs9443592   79316009    6
 06  89.45629828  rs11756825   79436318    7
 06  89.50827045   rs9361491   79882867    8
 06  89.64366198   rs2874649   79931862    9
 06  89.69509540   rs4706768   80073400   10
 06  89.75009782    rs725750   80139646   11
 06  89.80689916    rs196683   80179680   12
 06  89.90431148  rs11754404   80197858   13
 06  89.96029493   rs6939569   80364640   14
 06  90.01310540   rs2812710   80434561   15
 06  90.06450771   rs9343931   80493016   16
 06  90.12689345  rs12525600   80568533   17
 06  90.18066225   rs1321847   80589906   18
 06  90.25342258    rs346291   80621555   19
 06  90.32424252   rs9343953   80731013   20
 06  90.41505851    rs240226   80772557   21
 06  90.46610377    rs604732   81032460   22
 06  90.52714798   rs9352838   81206797   23
 06  90.59200714   rs2503749   81406475   24
 06  90.65131265  rs13193950   81593433   25
 06  90.71287741   rs9449223   81793030   26
 06  90.86772435   rs7762518   81991324   27
 06  90.91825600    rs996136   82144016   28
 06  90.96965536   rs1341230   82436294   29
 06  91.07903313  rs10943829   82456630   30
 06  91.13501810  rs10484871   82500427   31
 06  91.18545741   rs1291465   82562424   32
 06  91.26578127   rs9361875   82667777   33
 06  91.31613267   rs4054489   82756089   34
 06  91.41584781   rs1342194   82812573   35
 06  91.46690084   rs2039669   82850958   36
 06  91.53776359   rs9449437   82914093   37
 06  91.60785746   rs2983882   83213209   38
 06  91.66840391   rs1369869   83423001   39
 06  91.73121427    rs287849   83510578   40
 06  91.82871084   rs1076710   83642519   41
 06  91.88314964   rs2324167   83673241   42
 06  91.95769819   rs7766560   83841216   43
 06  92.01328485   rs1180195   84017581   44
 06  92.07626662  rs12204318   84277124   45
 06  92.14883637    rs624076   84476512   46
 06  92.24470405   rs9341967   84651368   47
 06  92.41357727   rs2497113   84823871   48
 06  92.56660014   rs6910017   85028082   49
 06  92.67312876   rs2206984   85093004   50
