#Chr    Genpos       Marker     Physpos    Nr
 06  92.67312876   rs2206984   85093004    1
 06  92.74917499  rs10943979   85164601    2
 06  92.80217285   rs9444174   85176223    3
 06  92.85313412   rs4707051   85228254    4
 06  92.94244140   rs7741380   85268059    5
 06  92.99590094  rs10498943   85385340    6
 06  93.09570801    rs763725   85649750    7
 06  93.15470989   rs7773154   85784515    8
 06  93.20810816   rs1359602   85884243    9
 06  93.25872654    rs515583   85933010   10
 06  93.33149327   rs7759585   86064816   11
 06  93.38195306    rs313243   86113502   12
 06  93.44474720   rs7452605   86297670   13
 06  93.52664267    rs220409   86927347   14
 06  93.57798943   rs2816579   87075014   15
 06  93.63858600  rs17543325   87146255   16
 06  93.69314437   rs9344620   87269815   17
 06  93.74671274  rs12198149   87547876   18
 06  93.80978467  rs16879873   87607560   19
 06  93.87244063   rs6936751   87765865   20
 06  93.92408860   rs9359730   87851299   21
 06  93.97972707    rs242275   88102682   22
 06  94.03029393   rs9444519   88347117   23
 06  94.10159999   rs4707403   88523709   24
 06  94.18138021   rs9344726   88554005   25
 06  94.31234579    rs722903   88572771   26
 06  94.51855499   rs1324689   88613604   27
 06  94.57053638   rs4428477   88689728   28
 06  94.77840945  rs16879998   88727920   29
 06  94.83253528    rs269442   88743337   30
 06  95.11544600   rs3857490   88885755   31
 06  95.22589819    rs806376   88915367   32
 06  95.27903274   rs6906184   88943934   33
 06  95.37228666   rs7770704   88947339   34
 06  95.44888640   rs1555340   88979504   35
 06  95.52412206   rs9444597   89044336   36
 06  95.62372896  rs16880525   89143579   37
 06  95.72177041   rs4707477   89264971   38
 06  95.77575145   rs4706323   89317896   39
 06  95.87521420    rs744270   89355765   40
 06  95.95774464   rs2610768   89375359   41
 06  96.03501022   rs9451118   89754743   42
 06  96.09083365    rs855575   89811469   43
 06  96.14194313    rs439912   89963734   44
 06  96.19937089    rs282114   89988923   45
 06  96.37937744    rs282121   90036802   46
 06  96.43925106   rs7742664   90065463   47
 06  96.49722932   rs7743444   90112800   48
 06  96.60562882    rs854917   90184109   49
 06  96.65981251   rs1179901   90377917   50
