#Chr    Genpos       Marker     Physpos    Nr
 06  159.31625701   rs7752591  151988761    1
 06  159.41296322   rs3020333  152051947    2
 06  159.50125107   rs1285057  152145485    3
 06  159.58821053  rs17081685  152158348    4
 06  159.65086214  rs11155819  152241052    5
 06  159.70573893   rs6912184  152301899    6
 06  159.79428382   rs9340944  152355411    7
 06  159.99746283   rs2813544  152467275    8
 06  160.14799870   rs9397085  152520513    9
 06  160.33377999   rs2813497  152529523   10
 06  160.41156525   rs6900213  152563648   11
 06  160.62097209   rs9397493  152584561   12
 06  160.67392468   rs1951925  152666392   13
 06  160.78461309   rs9397095  152682218   14
 06  160.83610858   rs9478320  152713168   15
 06  160.92172998   rs9942542  152753995   16
 06  161.01486391   rs9383626  152917555   17
 06  161.06495202   rs1028651  152979558   18
 06  161.11574224    rs680314  153107771   19
 06  161.29251474    rs612400  153142937   20
 06  161.39732704  rs13205491  153192872   21
 06  161.45020439    rs874302  153332581   22
 06  161.52874323   rs1292829  153393849   23
 06  161.58538574   rs1281958  153499373   24
 06  161.64853714  rs12663474  153555263   25
 06  161.73333268   rs6929221  153601570   26
 06  161.78569789   rs9397597  153642378   27
 06  161.92696343   rs2185276  153707953   28
 06  162.13844016   rs6922464  153748939   29
 06  162.33210514   rs1221934  153766238   30
 06  162.39044127    rs270309  153799429   31
 06  162.44561890   rs1674729  153905756   32
 06  162.56862885   rs4493751  153958997   33
 06  162.62218855   rs9479664  153987260   34
 06  162.75350984   rs1937600  154058890   35
 06  162.80355945   rs2350402  154197611   36
 06  162.87142410   rs7745695  154308258   37
 06  162.93645664    rs660756  154457127   38
 06  163.18086894   rs9383693  154516563   39
 06  163.23712736   rs6935927  154602029   40
 06  163.30372380   rs6930716  154648437   41
 06  163.37135420   rs2092417  154698212   42
 06  163.43450693    rs742517  154719415   43
 06  163.59452260   rs9479825  154740760   44
 06  163.65673422   rs1933685  154757603   45
 06  163.71286508   rs7745077  154774766   46
 06  163.81602534   rs2185112  154807300   47
 06  163.92961495  rs12194277  154841710   48
 06  164.09792408   rs6911971  154857583   49
 06  164.17620025  rs17085526  154918196   50
