#Chr    Genpos       Marker     Physpos    Nr
 06  115.07642030    rs217520  108600042    1
 06  115.13020440   rs6903501  108954814    2
 06  115.19564317   rs6911407  108973724    3
 06  115.24884146    rs517924  109131382    4
 06  115.46837312   rs6928805  109158027    5
 06  115.54907168    rs541020  109190725    6
 06  115.59927892    rs471422  109245184    7
 06  115.74214638  rs12195848  109385798    8
 06  115.86720154    rs351739  109610669    9
 06  115.92379830  rs11759269  109747181   10
 06  116.01208929  rs12181780  109816229   11
 06  116.07667154  rs10499054  110212927   12
 06  116.19773057   rs6903208  110329618   13
 06  116.31027459   rs9487258  110370337   14
 06  116.44835175   rs2503772  110392108   15
 06  116.59957387   rs2505039  110412597   16
 06  116.65355723   rs9372248  110496619   17
 06  116.85876022    rs976471  110765878   18
 06  116.98524060   rs9374167  110803063   19
 06  117.05211396   rs3823447  110852512   20
 06  117.13851734   rs2428175  110914475   21
 06  117.21813434   rs2023705  110960203   22
 06  117.27780175   rs9487444  110996128   23
 06  117.33096862   rs7768897  111318976   24
 06  117.38303306  rs13202203  111473158   25
 06  117.54026040   rs9320356  111501114   26
 06  117.64871045  rs17606253  111633138   27
 06  117.70229837  rs11153298  111996147   28
 06  117.75891610   rs9387018  112055967   29
 06  117.81577939   rs1794821  112076182   30
 06  117.86915723    rs809193  112127107   31
 06  117.91999451   rs2182644  112245575   32
 06  117.97040700   rs9387058  112400703   33
 06  118.03180396   rs1028122  112449402   34
 06  118.15183927    rs925755  112457022   35
 06  118.20633303   rs1160798  112545139   36
 06  118.27984464   rs6913656  112589928   37
 06  118.36872082   rs4945899  112640908   38
 06  118.45209412   rs6935727  112714839   39
 06  118.61001290   rs9400534  112768454   40
 06  118.81251204   rs1150092  112901854   41
 06  118.88928513   rs9398318  113044244   42
 06  118.99192325   rs4947192  113074534   43
 06  119.04950764   rs9320418  113255785   44
 06  119.11204981   rs2127965  113411596   45
 06  119.19048887   rs9488105  113633670   46
 06  119.25620318   rs9488119  113686275   47
 06  119.31021276   rs9488159  113803217   48
 06  119.40526258    rs620611  113815512   49
 06  119.46553813   rs7769338  113920332   50
