#Chr    Genpos       Marker     Physpos    Nr
 06  10.32202375   rs4959265    3902628    1
 06  10.53661509   rs9405214    3908840    2
 06  10.60311584   rs6938648    3954503    3
 06  10.65563066    rs626080    4046566    4
 06  10.71579686  rs13206717    4099017    5
 06  10.77351614   rs9378848    4122526    6
 06  10.83414274   rs1999022    4242285    7
 06  11.03664146   rs9392582    4283840    8
 06  11.12315827    rs339294    4340503    9
 06  11.17495921   rs7762514    4407170   10
 06  11.22722518   rs1265242    4440015   11
 06  11.31843518   rs6926616    4459474   12
 06  11.37483958   rs4960005    4535546   13
 06  11.60714617    rs234427    4574653   14
 06  11.75899221   rs9378408    4606843   15
 06  11.83309450   rs4959312    4646143   16
 06  11.99076197   rs1849564    4656061   17
 06  12.13673359   rs3812183    4660881   18
 06  12.49581098   rs4502986    4707143   19
 06  12.55516088   rs6918380    4732499   20
 06  12.62772407   rs1417657    4849379   21
 06  12.70349643   rs3804547    4881862   22
 06  12.78578329    rs431060    4949595   23
 06  12.99723920   rs1246996    5004244   24
 06  13.07258308    rs421473    5046519   25
 06  13.15281044  rs11242995    5107329   26
 06  13.22374580   rs9392671    5252431   27
 06  13.31577551   rs6932040    5324524   28
 06  13.37597430    rs414830    5397657   29
 06  13.50912416    rs191833    5427596   30
 06  13.55956067   rs7774359    5431253   31
 06  13.72178404   rs9405272    5446388   32
 06  13.85604328   rs6937827    5496231   33
 06  13.91781842   rs9504439    5539198   34
 06  13.97316479  rs11962015    5563986   35
 06  14.03964375   rs4959341    5567231   36
 06  14.20258607  rs10484314    5593086   37
 06  14.28373256  rs12190311    5610386   38
 06  14.36604832  rs13210778    5655227   39
 06  14.42492710   rs6926774    5677819   40
 06  14.51554325   rs6911736    5696268   41
 06  14.75042663   rs9502340    5745201   42
 06  14.85696505   rs9504549    5787923   43
 06  14.91299288   rs6914546    5814551   44
 06  15.20354379   rs9504579    5851899   45
 06  15.26246833   rs9405884    5892882   46
 06  15.33650061   rs7745233    5921787   47
 06  15.39171455    rs582186    5946380   48
 06  15.44287868    rs667875    5964941   49
 06  15.51048228   rs2170618    6082107   50
