#Chr    Genpos       Marker     Physpos    Nr
 06  56.18643639   rs9296211   37171315    1
 06  56.28128755   rs9380645   37210800    2
 06  56.35184702    rs262908   37238260    3
 06  56.41158883  rs16889502   37268027    4
 06  56.46373648   rs9470540   37285761    5
 06  56.61928460   rs2269058   37432835    6
 06  56.69433625   rs2173314   37502851    7
 06  56.74889521  rs17636328   37598509    8
 06  56.80181429  rs11755405   37622081    9
 06  56.85764046   rs9394437   37637812   10
 06  56.90978431   rs2894413   37671057   11
 06  57.06585704   rs9380691   37682830   12
 06  57.19824901   rs6926735   37707940   13
 06  57.25767220   rs6925749   37741002   14
 06  57.33545506    rs876796   37755622   15
 06  57.40691592    rs742787   37799604   16
 06  57.56156686  rs10456457   37834055   17
 06  57.62255182   rs7776025   38032706   18
 06  57.70208241  rs12215707   38283901   19
 06  57.76311276   rs9394492   38440588   20
 06  57.84788813  rs12525647   38595004   21
 06  58.13955482   rs1623375   38806091   22
 06  58.23976121   rs1678677   38836120   23
 06  58.31175829   rs9349103   38976678   24
 06  58.36293017  rs10947767   39029218   25
 06  58.48755343   rs7341356   39144323   26
 06  58.54459149   rs4254984   39167657   27
 06  58.60821698   rs7773754   39227815   28
 06  58.67793599    rs751933   39272099   29
 06  58.86172315   rs6458102   39303907   30
 06  58.91365612   rs1651106   39327278   31
 06  59.00721154   rs2395718   39350870   32
 06  59.06616681  rs11756091   39390784   33
 06  59.11891007   rs6458110   39401876   34
 06  59.17078496   rs9471076   39416517   35
 06  59.23060952   rs6899860   39456669   36
 06  59.28304978   rs9394591   39497970   37
 06  59.34352411   rs9471112   39538851   38
 06  59.39703954    rs303678   39751585   39
 06  59.49685370    rs417096   39835811   40
 06  59.61787254   rs6937133   39907992   41
 06  59.75565484   rs9462580   39923573   42
 06  59.87335560   rs2475506   40019219   43
 06  59.92673392   rs3008833   40094281   44
 06  59.99019572   rs7746227   40292606   45
 06  60.08695104   rs9471290   40368493   46
 06  60.14615709  rs10498748   40406275   47
 06  60.27825046  rs12664614   40453676   48
 06  60.49826490   rs1433734   40524778   49
 06  60.62975679   rs9394699   40557268   50
