#Chr    Genpos       Marker     Physpos    Nr
 06  132.04726012   rs4897336  130123754    1
 06  132.18820149   rs4895856  130134178    2
 06  132.25616491   rs9492408  130229192    3
 06  132.36572663   rs1577910  130337520    4
 06  132.43587721   rs1544144  130361916    5
 06  132.61492164   rs4897370  130508369    6
 06  132.72784290   rs2326951  130578698    7
 06  132.77990916  rs12206915  130639964    8
 06  132.86800760  rs13218932  130825756    9
 06  132.91910720  rs12197132  130847387   10
 06  133.05131985   rs1203356  130871140   11
 06  133.21297201   rs9321242  130952035   12
 06  133.30223704   rs4895890  130982926   13
 06  133.35550968   rs9402269  131059988   14
 06  133.45763041  rs12210303  131178841   15
 06  133.50875008   rs9375791  131355109   16
 06  133.67192832    rs497082  131511154   17
 06  133.73742292   rs1746469  131544464   18
 06  133.79820308   rs9483246  131679383   19
 06  133.85102211  rs11965227  131740637   20
 06  133.95120644   rs2179771  131796623   21
 06  134.00442689   rs9493012  131885434   22
 06  134.14235576   rs9493050  132047018   23
 06  134.19891763   rs7759504  132108194   24
 06  134.28374731    rs766592  132173294   25
 06  134.36031304   rs6926970  132208983   26
 06  134.43168407   rs7754561  132254387   27
 06  134.52543162   rs9373002  132279972   28
 06  134.59342679   rs6940184  132299137   29
 06  134.64484609    rs928501  132317130   30
 06  134.70536046   rs1206737  132406214   31
 06  134.78740808  rs12529280  132542186   32
 06  134.91086140   rs3927419  132575056   33
 06  134.96321006    rs604196  132685728   34
 06  135.01859591  rs13196312  132723570   35
 06  135.18375749   rs9385608  132803788   36
 06  135.32041549   rs1044083  132821860   37
 06  135.39428377   rs2153177  132887059   38
 06  135.56930763   rs4305745  132935405   39
 06  135.72958624   rs7759004  132972017   40
 06  135.78975049   rs2745432  133052218   41
 06  135.93876831   rs6569828  133081014   42
 06  136.04729265   rs7738071  133126809   43
 06  136.09919218   rs6904471  133309096   44
 06  136.15203349    rs271167  133365565   45
 06  136.20848442  rs12196256  133521354   46
 06  136.26090926  rs17062270  133648998   47
 06  136.31098179    rs211605  133739910   48
 06  136.37062320    rs211598  133774601   49
 06  136.42328273    rs568911  133859149   50
