#Chr    Genpos       Marker     Physpos    Nr
 06  189.69117751  rs12202943  168443695    1
 06  189.82919644   rs1551988  168454019    2
 06  189.88775475   rs4292501  168462773    3
 06  189.95248429   rs2609299  168551609    4
 06  190.01876216   rs2749266  168658194    5
 06  190.10183818   rs9456183  168699652    6
 06  190.15779843  rs11969025  168709387    7
 06  190.22105991   rs3734421  168750870    8
 06  190.28599060    rs911946  168785425    9
 06  190.34239639    rs677107  168826347   10
 06  190.39363974   rs9364289  168903475   11
 06  190.47435455   rs9364309  168985464   12
 06  190.53513593   rs9294935  169065451   13
 06  190.60853544   rs4596451  169080596   14
 06  190.73341691   rs9294943  169129311   15
 06  190.78379021  rs12193635  169190721   16
 06  190.98456974   rs9346612  169213003   17
 06  191.22301314   rs9688959  169303320   18
 06  191.27590030   rs1132782  169358348   19
 06  191.33278204   rs9379341  169385610   20
 06  191.38778465   rs6605524  169398045   21
 06  191.45038077   rs9717830  169405563   22
 06  191.62271913   rs9294983  169439025   23
 06  191.74004266   rs9406330  169459484   24
 06  191.81342604   rs9283852  169467353   25
 06  191.86664210   rs7741251  169505179   26
 06  191.91953656   rs4716360  169640242   27
 06  191.96977502   rs9478102  169898608   28
 06  192.02796234   rs6904219  169992047   29
 06  192.24185798   rs4710807  170175642   30
 06  192.30154353   rs1532389  170200491   31
 06  192.38406316  rs10946292  170267446   32
 06  192.43659738   rs4710758  170296985   33
 06  192.57742781    rs745285  170380250   34
 06  192.69758458   rs7763013  170394538   35
 06  192.74926123   rs7771267  170408165   36
 06  192.80084596   rs2983222  170414923   37
 06  192.87021255   rs6909300  170480140   38
 06  192.95366358  rs10806879  170602082   39
 06  193.00535465   rs9356658  170663725   40
