#Chr    Genpos       Marker     Physpos    Nr
 06  48.45684595   rs2237231   26125150    1
 06  48.51943098   rs9379827   26261314    2
 06  48.58264371   rs7773004   26375734    3
 06  48.70102733   rs9461245   26462551    4
 06  48.75490041  rs12205310   26713843    5
 06  48.80784792    rs858972   27262340    6
 06  48.86409521   rs2235232   27434842    7
 06  48.92124458   rs9295750   27892407    8
 06  48.97310819   rs1150704   28292350    9
 06  49.02893690   rs2859356   28573334   10
 06  49.08083267   rs1233602   28841382   11
 06  49.13667521    rs720831   29392497   12
 06  49.18895665   rs1362073   29491299   13
 06  49.24982281    rs388234   29641274   14
 06  49.30478732   rs3131854   29719864   15
 06  49.36345433   rs2735048   29841680   16
 06  49.42082656   rs9258631   29929272   17
 06  49.54455630   rs2735085   30035074   18
 06  49.59499822   rs4313034   30081904   19
 06  49.65321472   rs3132123   30184405   20
 06  49.70490600   rs3132659   30339309   21
 06  49.75516980   rs1264551   30485152   22
 06  49.81035184   rs1264423   30679450   23
 06  49.87093305   rs2394401   30832409   24
 06  49.99395428   rs2517580   30918035   25
 06  50.05445582   rs9368649   31046862   26
 06  50.10449862   rs6457300   31106721   27
 06  50.15572705   rs6917517   31190340   28
 06  50.21339881   rs3094663   31215066   29
 06  50.26405499   rs6928399   31303197   30
 06  50.31584394   rs9394047   31344229   31
 06  50.39474727   rs3873386   31381724   32
 06  50.48116983   rs2844571   31443626   33
 06  50.53800232   rs1051794   31487088   34
 06  50.61797242   rs2596449   31546369   35
 06  50.66803653   rs2239709   31615426   36
 06  50.77777780   rs2857697   31693198   37
 06  50.83519700   rs9267677   32000620   38
 06  50.89063722   rs3134608   32225949   39
 06  50.97535151   rs9378123   32304842   40
 06  51.02735210   rs2894239   32323774   41
 06  51.08008944   rs9268403   32449451   42
 06  51.13116356   rs3129868   32512355   43
 06  51.18223998   rs9270986   32682038   44
 06  51.25842078   rs6457617   32771829   45
 06  51.33596327   rs6935940   32791669   46
 06  51.40728678   rs9276644   32853021   47
 06  51.46221260   rs3819715   32912197   48
 06  51.52170561   rs6457688   32963602   49
 06  51.62845676    rs154972   33008629   50
