1002(ped#002;run#01)                                                            
       5 individuals                                                            
 -85.215                                                                        
                     16        0        0  1        1                           
                                                        2   2    0   0    1   1 
                                                        2   2    0   0    1   1 
                                                        1   2    0   0    1   1 
                                                        2   2    0   0    1   1 
                                                        1   1    0   0    1   1 
                                                        1   1    0   0    1   1 
                                                        1   1    0   0    1   1 
                                                        1   2    0   0    1   1 
                                                        1   1    0   0    1   1 
                                                        2   1    0   0    1   1 
                                                        2   2    0   0    1   1 
                                                        2   2    0   0    1   1 
                                                        2   1    0   0    1   1 
                                                        2   1    0   0    1   1 
                                                        2   1    0   0    1   1 
                                                        2   1    0   0    1   1 
                                                        1   2    0   0    1   1 
                                                        1   1    0   0    1   1 
                                                        1   1    0   0    1   1 
                                                        1   1    0   0    1   1 
                                                        1   1    0   0    1   1 
                                                        2   2    0   0    1   1 
                                                        2   1    0   0    1   1 
                                                        2   1    0   0    1   1 
                                                        1   2    0   0    1   1 
                                                        1   1    0   0    1   1 
                                                        2   2    0   0    1   1 
                                                        1   1    0   0    1   1 
                                                        2   2    0   0    1   1 
                                                        2   2    0   0    1   1 
                                                        1   1    0   0    1   1 
                                                        2   2    0   0    1   1 
                                                        2   2    0   0    1   1 
                                                        1   2    0   0    1   1 
                                                        2   2    0   0    1   1 
                                                        2   1    0   0    1   1 
                                                        2   2    0   0    1   1 
                                                        2   1    0   0    1   1 
                                                        1   2    0   0    1   1 
                                                        1   1    0   0    1   1 
                                                        2   2    0   0    1   1 
                                                        1   2    0   0    1   1 
                                                        2   2    0   0    1   1 
                                                        2   2    0   0    1   1 
                                                        1   2    0   0    1   1 
                                                        1   2    0   0    1   1 
                                                        1   2    0   0    1   1 
                                                        1   1    0   0    1   1 
                                                        1   1    0   0    1   1 
                                                        2   1    0   0    1   1 
                     15        0        0  2        1                           
                                                        2   2    0   0    1   1 
                                                        1   1    0   0    1   1 
                                                        2   2    0   0    1   1 
                                                        1   2    0   0    1   1 
                                                        1   1    0   0    1   1 
                                                        1   1    0   0    1   1 
                                                        1   1    0   0    1   1 
                                                        2   2    0   0    1   1 
                                                        1   2    0   0    1   1 
                                                        2   1    0   0    1   1 
                                                        2   2    0   0    1   1 
                                                        2   2    0   0    1   1 
                                                        1   2    0   0    1   1 
                                                        1   1    0   0    1   1 
                                                        2   2    0   0    1   1 
                                                        2   1    0   0    1   1 
                                                        1   2    0   0    1   1 
                                                        2   1    0   0    1   1 
                                                        1   1    0   0    1   1 
                                                        1   1    0   0    1   1 
                                                        2   1    0   0    1   1 
                                                        2   2    0   0    1   1 
                                                        1   1    0   0    1   1 
                                                        2   1    0   0    1   1 
                                                        1   2    0   0    1   1 
                                                        1   1    0   0    1   1 
                                                        2   2    0   0    1   1 
                                                        1   1    0   0    1   1 
                                                        1   2    0   0    1   1 
                                                        2   1    0   0    1   1 
                                                        1   2    0   0    1   1 
                                                        2   2    0   0    1   1 
                                                        2   1    0   0    1   1 
                                                        1   1    0   0    1   1 
                                                        2   2    0   0    1   1 
                                                        2   1    0   0    1   1 
                                                        2   1    0   0    1   1 
                                                        1   2    0   0    1   1 
                                                        1   1    0   0    1   1 
                                                        2   2    0   0    1   1 
                                                        2   2    0   0    1   1 
                                                        1   1    0   0    1   1 
                                                        2   1    0   0    1   1 
                                                        2   2    0   0    1   1 
                                                        2   1    0   0    1   1 
                                                        1   2    0   0    1   1 
                                                        1   1    0   0    1   1 
                                                        1   2    0   0    1   1 
                                                        1   1    0   0    1   1 
                                                        2   2    0   0    1   1 
                     17       16       15  2        2*                          
                                                        2   2    1   2    1   1 
                                                        2   1    1   2    1   1 
                                                        1   2    1   2    1   1 
                                                        2   2    1   2    1   1 
                                                        1   1    1   2    1   1 
                                                        1   1    1   2    1   1 
                                                        1   1    1   2    1   1 
                                                        1   2    1   2    1   1 
                                                        1   2    1   2    1   1 
                                                        2   1    1   2    1   1 
                                                        2   2    1   2    1   1 
                                                        2   2    1   2    1   1 
                                                        2   2    1   2    1   1 
                                                        2   1    1   2    1   1 
                                                        2   2    1   2    1   1 
                                                        2   1    1   2    1   1 
                                                        1   2    1   2    1   1 
                                                        1   1    1   2    1   1 
                                                        1   1    1   2    1   1 
                                                        1   1    1   2    1   1 
                                                        1   1    1   2    1   1 
                                                        2   2    1   2    1   1 
                                                        2   1    1   2    1   1 
                                                        2   1    1   2    1   1 
                                                        1   2    1   2    1   1 
                                                        1   1    1   2    1   1 
                                                        2   2    1   2    1   1 
                                                        1   1    1   2    1   1 
                                                        2   2    1   2    1   1 
                                                        2   1    1   2    1   1 
                                                        1   2    1   2    1   1 
                                                        2   2    1   2    1   1 
                                                        2   1    1   2    1   1 
                                                        1   1    1   2    1   1 
                                                        2   2    1   2    1   1 
                                                        2   1    1   2    1   1 
                                                        2   1    1   2    1   1 
                                                        2   2    1   2    1   1 
                                                        1   1    1   2    1   1 
                                                        1   2    1   2    1   1 
                                                        2   2    1   2    1   1 
                                                        1   1    1   2    1   1 
                                                        2   1    1   2    1   1 
                                                        2   2    1   2    1   1 
                                                        1   1    1   2    1   1 
                                                        1   2    1   2    1   1 
                                                        1   1    1   2    1   1 
                                                        1   2    1   2    1   1 
                                                        1   1    1   2    1   1 
                                                        2   2    1   2    1   1 
                     18       16       15  2        1                           
                                                        2   2    1   2    1   1 
                                                        2   1    1   2    1   1 
                                                        1   2    1   2    1   1 
                                                        2   2    1   2    1   1 
                                                        1   1    1   2    1   1 
                                                        1   1    1   2    1   1 
                                                        1   1    1   2    1   1 
                                                        1   2    1   2    1   1 
                                                        1   2    1   2    1   1 
                                                        2   1    1   2    1   1 
                                                        2   2    1   2    1   1 
                                                        2   2    1   2    1   1 
                                                        2   2    1   2    1   1 
                                                        2   1    1   2    1   1 
                                                        2   2    1   2    1   1 
                                                        2   1    1   2    1   1 
                                                        1   2    1   2    1   1 
                                                        1   1    1   2    1   1 
                                                        1   1    1   2    1   1 
                                                        1   1    1   2    1   1 
                                                        1   1    1   2    1   1 
                                                        2   2    1   2    1   1 
                                                        2   1    1   2    1   1 
                                                        2   1    1   2    1   1 
                                                        1   2    1   2    1   1 
                                                        1   1    1   2    1   1 
                                                        2   2    1   2    1   1 
                                                        1   1    1   2    1   1 
                                                        2   2    1   2    1   1 
                                                        2   1    1   2    1   1 
                                                        1   2    1   2    1   1 
                                                        2   2    1   2    1   1 
                                                        2   1    1   2    1   1 
                                                        1   1    1   2    1   1 
                                                        2   2    1   2    1   1 
                                                        2   1    1   2    1   1 
                                                        2   1    1   2    1   1 
                                                        2   2    1   2    1   1 
                                                        1   1    1   2    1   1 
                                                        1   2    1   2    1   1 
                                                        2   2    1   2    1   1 
                                                        1   1    1   2    1   1 
                                                        2   1    1   2    1   1 
                                                        2   2    1   2    1   1 
                                                        1   1    1   2    1   1 
                                                        1   2    1   2    1   1 
                                                        1   1    1   2    1   1 
                                                        1   2    1   2    1   1 
                                                        1   1    1   2    1   1 
                                                        2   2    1   2    1   1 
                     19       16       15  1        1                           
                                                        2   2    1   1    1   1 
                                                        2   1    1   1    1   1 
                                                        1   2    1   1    1   1 
                                                        2   1    1   1    1   1 
                                                        1   1    1   1    1   1 
                                                        1   1    1   1    1   1 
                                                        1   1    1   1    1   1 
                                                        1   2    1   1    1   1 
                                                        1   1    1   1    1   1 
                                                        2   2    1   1    1   1 
                                                        2   2    1   1    1   1 
                                                        2   2    1   1    1   1 
                                                        2   1    1   1    1   1 
                                                        2   1    1   1    1   1 
                                                        2   2    1   1    1   1 
                                                        2   2    1   1    1   1 
                                                        1   1    1   1    1   1 
                                                        1   2    1   1    1   1 
                                                        1   1    1   1    1   1 
                                                        1   1    1   1    1   1 
                                                        1   2    1   1    1   1 
                                                        2   2    1   1    1   1 
                                                        2   1    1   1    1   1 
                                                        2   2    1   1    1   1 
                                                        1   1    1   1    1   1 
                                                        1   1    1   1    1   1 
                                                        2   2    1   1    1   1 
                                                        1   1    1   1    1   1 
                                                        2   1    1   1    1   1 
                                                        2   2    1   1    1   1 
                                                        1   1    1   1    1   1 
                                                        2   2    1   1    1   1 
                                                        2   2    1   1    1   1 
                                                        1   1    1   1    1   1 
                                                        2   2    1   1    1   1 
                                                        2   2    1   1    1   1 
                                                        2   2    1   1    1   1 
                                                        2   1    1   1    1   1 
                                                        1   1    1   1    1   1 
                                                        1   2    1   1    1   1 
                                                        2   2    1   1    1   1 
                                                        1   1    1   1    1   1 
                                                        2   2    1   1    1   1 
                                                        2   2    1   1    1   1 
                                                        1   2    1   1    1   1 
                                                        1   1    1   1    1   1 
                                                        1   1    1   1    1   1 
                                                        1   1    1   1    1   1 
                                                        1   1    1   1    1   1 
                                                        2   2    1   1    1   1 
________________________________________________________________________________
