201 0 0 5
 0 0.0 0.0 0 
 1 2 3 4 5 6 7 8 9 10 11 12 13 14 15 16 17 18 19 20 21 22 23 24 25 26 27 28 29 30 31 32 33 34 35 36 37 38 39 40 41 42 43 44 45 46 47 48 49 50 51 52 53 54 55 56 57 58 59 60 61 62 63 64 65 66 67 68 69 70 71 72 73 74 75 76 77 78 79 80 81 82 83 84 85 86 87 88 89 90 91 92 93 94 95 96 97 98 99 100 101 102 103 104 105 106 107 108 109 110 111 112 113 114 115 116 117 118 119 120 121 122 123 124 125 126 127 128 129 130 131 132 133 134 135 136 137 138 139 140 141 142 143 144 145 146 147 148 149 150 151 152 153 154 155 156 157 158 159 160 161 162 163 164 165 166 167 168 169 170 171 172 173 174 175 176 177 178 179 180 181 182 183 184 185 186 187 188 189 190 191 192 193 194 195 196 197 198 199 200 201
1  2 	# TRAIT
 0.9999 0.0001
 1
 0.000 0.000 1.000
3  2 	# rs197123
 0.2135 0.7865
3  2 	# rs9379163
 0.3539 0.6461
3  2 	# rs11243239
 0.0730 0.9270
3  2 	# rs491511
 0.1124 0.8876
3  2 	# rs9505400
 0.4551 0.5449
3  2 	# rs9392985
 0.3146 0.6854
3  2 	# rs1591996
 0.1067 0.8933
3  2 	# rs10484750
 0.2079 0.7921
3  2 	# rs850170
 0.3596 0.6404
3  2 	# rs7765012
 0.0562 0.9438
3  2 	# rs9393069
 0.4045 0.5955
3  2 	# rs4475363
 0.1517 0.8483
3  2 	# rs4246086
 0.3146 0.6854
3  2 	# rs9379274
 0.3146 0.6854
3  2 	# rs11243295
 0.3090 0.6910
3  2 	# rs12205137
 0.4157 0.5843
3  2 	# rs1324546
 0.4101 0.5899
3  2 	# rs1830947
 0.2753 0.7247
3  2 	# rs7746692
 0.0730 0.9270
3  2 	# rs2209543
 0.2247 0.7753
3  2 	# rs2017505
 0.0337 0.9663
3  2 	# rs7757300
 0.1011 0.8989
3  2 	# rs1328134
 0.0568 0.9432
3  2 	# rs1206919
 0.3876 0.6124
3  2 	# rs6459434
 0.2809 0.7191
3  2 	# rs9396752
 0.2584 0.7416
3  2 	# rs201267
 0.2472 0.7528
3  2 	# rs855397
 0.4045 0.5955
3  2 	# rs855394
 0.3989 0.6011
3  2 	# rs4716306
 0.0056 0.9944
3  2 	# rs6899499
 0.0169 0.9831
3  2 	# rs1029124
 0.2247 0.7753
3  2 	# rs6900553
 0.3427 0.6573
3  2 	# rs1023276
 0.4382 0.5618
3  2 	# rs12209059
 0.4157 0.5843
3  2 	# rs9465973
 0.4101 0.5899
3  2 	# rs3818408
 0.4551 0.5449
3  2 	# rs1621700
 0.0899 0.9101
3  2 	# rs9348513
 0.1910 0.8090
3  2 	# rs3889361
 0.2921 0.7079
3  2 	# rs502431
 0.2416 0.7584
3  2 	# rs1226013
 0.3409 0.6591
3  2 	# rs504083
 0.2022 0.7978
3  2 	# rs7755748
 0.3539 0.6461
3  2 	# rs4712802
 0.2303 0.7697
3  2 	# rs529124
 0.4944 0.5056
3  2 	# rs478791
 0.1236 0.8764
3  2 	# rs6456719
 0.3034 0.6966
3  2 	# rs4711127
 0.4831 0.5169
3  2 	# rs13214666
 0.0169 0.9831
3  2 	# rs3798727
 0.2697 0.7303
3  2 	# rs2182336
 0.0674 0.9326
3  2 	# rs9393992
 0.4326 0.5674
3  2 	# rs11964334
 0.0674 0.9326
3  2 	# rs9791189
 0.3371 0.6629
3  2 	# rs4713432
 0.2640 0.7360
3  2 	# rs3798752
 0.4551 0.5449
3  2 	# rs9461735
 0.0674 0.9326
3  2 	# rs9469223
 0.0169 0.9831
3  2 	# rs471693
 0.3315 0.6685
3  2 	# rs549655
 0.4775 0.5225
3  2 	# rs3734273
 0.2865 0.7135
3  2 	# rs6903956
 0.0562 0.9438
3  2 	# rs2235384
 0.4270 0.5730
3  2 	# rs4713922
 0.4270 0.5730
3  2 	# rs9368918
 0.1573 0.8427
3  2 	# rs9357221
 0.3933 0.6067
3  2 	# rs169713
 0.1124 0.8876
3  2 	# rs1570989
 0.2753 0.7247
3  2 	# rs10947819
 0.1910 0.8090
3  2 	# rs4714268
 0.4045 0.5955
3  2 	# rs219988
 0.2809 0.7191
3  2 	# rs7749495
 0.1854 0.8146
3  2 	# rs9394696
 0.4382 0.5618
3  2 	# rs9380978
 0.1966 0.8034
3  2 	# rs9381015
 0.3933 0.6067
3  2 	# rs1931550
 0.0674 0.9326
3  2 	# rs6458229
 0.3258 0.6742
3  2 	# rs7740766
 0.2753 0.7247
3  2 	# rs4714604
 0.2135 0.7865
3  2 	# rs12199205
 0.2528 0.7472
3  2 	# rs6920298
 0.2022 0.7978
3  2 	# rs6927364
 0.0899 0.9101
3  2 	# rs519167
 0.1348 0.8652
3  2 	# rs475543
 0.0899 0.9101
3  2 	# rs6458461
 0.0393 0.9607
3  2 	# rs12528956
 0.0056 0.9944
3  2 	# rs7454157
 0.0787 0.9213
3  2 	# rs6922782
 0.1011 0.8989
3  2 	# rs9463377
 0.0562 0.9438
3  2 	# rs1223521
 0.0899 0.9101
3  2 	# rs6458720
 0.2865 0.7135
3  2 	# rs1512414
 0.4045 0.5955
3  2 	# rs2496132
 0.1067 0.8933
3  2 	# rs497505
 0.3034 0.6966
3  2 	# rs536916
 0.4326 0.5674
3  2 	# rs551499
 0.4494 0.5506
3  2 	# rs4712032
 0.2247 0.7753
3  2 	# rs4715451
 0.4663 0.5337
3  2 	# rs4715562
 0.3034 0.6966
3  2 	# rs6899735
 0.4944 0.5056
3  2 	# rs2274088
 0.2191 0.7809
3  2 	# rs9382889
 0.1742 0.8258
3  2 	# rs9476476
 0.1742 0.8258
3  2 	# rs2092204
 0.2865 0.7135
3  2 	# rs853372
 0.1348 0.8652
3  2 	# rs853346
 0.4382 0.5618
3  2 	# rs2094923
 0.2022 0.7978
3  2 	# rs7752155
 0.1573 0.8427
3  2 	# rs737548
 0.3427 0.6573
3  2 	# rs9476543
 0.3596 0.6404
3  2 	# rs9367837
 0.4270 0.5730
3  2 	# rs9396503
 0.3539 0.6461
3  2 	# rs9370770
 0.2191 0.7809
3  2 	# rs7747013
 0.4326 0.5674
3  2 	# rs764650
 0.2247 0.7753
3  2 	# rs9476648
 0.0337 0.9663
3  2 	# rs2500081
 0.0281 0.9719
3  2 	# rs233494
 0.0562 0.9438
3  2 	# rs6908102
 0.0899 0.9101
3  2 	# rs6902553
 0.4831 0.5169
3  2 	# rs2179990
 0.4270 0.5730
3  2 	# rs6941421
 0.2865 0.7135
3  2 	# rs9464779
 0.3708 0.6292
3  2 	# rs13195345
 0.4270 0.5730
3  2 	# rs2235258
 0.3596 0.6404
3  2 	# rs2031819
 0.3146 0.6854
3  2 	# rs1109287
 0.2921 0.7079
3  2 	# rs522264
 0.4775 0.5225
3  2 	# rs9296994
 0.3764 0.6236
3  2 	# rs1891518
 0.4831 0.5169
3  2 	# rs10498686
 0.2753 0.7247
3  2 	# rs7767544
 0.2640 0.7360
3  2 	# rs6459448
 0.3989 0.6011
3  2 	# rs3757354
 0.3708 0.6292
3  2 	# rs7742617
 0.2865 0.7135
3  2 	# rs7748814
 0.3371 0.6629
3  2 	# rs179993
 0.1461 0.8539
3  2 	# rs2237217
 0.4719 0.5281
3  2 	# rs404143
 0.0730 0.9270
3  2 	# rs10484363
 0.1404 0.8596
3  2 	# rs2299088
 0.4326 0.5674
3  2 	# rs9396682
 0.0730 0.9270
3  2 	# rs9477166
 0.0955 0.9045
3  2 	# rs236981
 0.4157 0.5843
3  2 	# rs2299070
 0.2697 0.7303
3  2 	# rs1359067
 0.2079 0.7921
3  2 	# rs666215
 0.0056 0.9944
3  2 	# rs707848
 0.3315 0.6685
3  2 	# rs623897
 0.4494 0.5506
3  2 	# rs602206
 0.2697 0.7303
3  2 	# rs1150644
 0.3989 0.6011
3  2 	# rs927366
 0.2921 0.7079
3  2 	# rs7755677
 0.3202 0.6798
3  2 	# rs4360123
 0.0056 0.9944
3  2 	# rs6914177
 0.0618 0.9382
3  2 	# rs13217920
 0.1517 0.8483
3  2 	# rs12216482
 0.2303 0.7697
3  2 	# rs7773313
 0.1348 0.8652
3  2 	# rs1555111
 0.0955 0.9045
3  2 	# rs10807611
 0.3933 0.6067
3  2 	# rs6925145
 0.3202 0.6798
3  2 	# rs7743695
 0.2135 0.7865
3  2 	# rs4712311
 0.0056 0.9944
3  2 	# rs7766167
 0.4101 0.5899
3  2 	# rs4294009
 0.3876 0.6124
3  2 	# rs214596
 0.2528 0.7472
3  2 	# rs214506
 0.3652 0.6348
3  2 	# rs1408263
 0.3820 0.6180
3  2 	# rs4716273
 0.1011 0.8989
3  2 	# rs1474618
 0.0899 0.9101
3  2 	# rs9477837
 0.1685 0.8315
3  2 	# rs6911193
 0.3202 0.6798
3  2 	# rs9368028
 0.1685 0.8315
3  2 	# rs9366275
 0.0682 0.9318
3  2 	# rs9465274
 0.1180 0.8820
3  2 	# rs6911832
 0.1461 0.8539
3  2 	# rs6905315
 0.1404 0.8596
3  2 	# rs4235993
 0.2865 0.7135
3  2 	# rs760669
 0.0899 0.9101
3  2 	# rs2328483
 0.2247 0.7753
3  2 	# rs17547028
 0.0618 0.9382
3  2 	# rs9465498
 0.0562 0.9438
3  2 	# rs1047033
 0.1685 0.8315
3  2 	# rs11754400
 0.0056 0.9944
3  2 	# rs2328421
 0.0112 0.9888
3  2 	# rs499899
 0.3708 0.6292
3  2 	# rs562646
 0.0787 0.9213
3  2 	# rs602640
 0.0562 0.9438
3  2 	# rs9348410
 0.2809 0.7191
3  2 	# rs16883364
 0.4101 0.5899
3  2 	# rs1202196
 0.4775 0.5225
3  2 	# rs586124
 0.4607 0.5393
3  2 	# rs9465656
 0.1067 0.8933
3  2 	# rs7746765
 0.1011 0.8989
3  2 	# rs1887476
 0.2360 0.7640
3  2 	# rs2208438
 0.3034 0.6966
3  2 	# rs1570155
 0.4663 0.5337
3  2 	# rs746720
 0.2584 0.7416
3  2 	# rs11964747
 0.0562 0.9438
 0 0
 0.1  0.000773  0.000502  0.000726  0.000906  0.002066  0.000956  0.001015  0.000556  0.001626  0.001183  0.001508  0.000621  0.000512  0.001798  0.000838  0.003426  0.003308  0.000555  0.000527  0.000574  0.001839  0.001065  0.000542  0.001077  0.000555  0.000548  0.000562  0.000670  0.000781  0.003228  0.000658  0.000580  0.001877  0.000747  0.000514  0.001016  0.001023  0.000795  0.000734  0.000618  0.000685  0.000631  0.000919  0.000735  0.001119  0.000526  0.000869  0.000841  0.001726  0.000670  0.000530  0.001769  0.002322  0.000541  0.001698  0.000877  0.000615  0.000559  0.000933  0.000616  0.001151  0.001131  0.000604  0.001090  0.001066  0.001970  0.001771  0.000639  0.000569  0.001204  0.001384  0.000616  0.001140  0.000753  0.000719  0.000528  0.002080  0.000501  0.000676  0.000530  0.001202  0.000773  0.000937  0.000742  0.001049  0.000574  0.001186  0.000524  0.000562  0.000677  0.001770  0.000513  0.000761  0.000960  0.001711  0.000802  0.001957  0.000594  0.000999  0.001342  0.000719  0.000954  0.000630  0.000522  0.001193  0.000584  0.001177  0.001075  0.000529  0.000542  0.000719  0.000626  0.001341  0.000561  0.003969  0.001845  0.000823  0.001285  0.000774  0.000618  0.002022  0.002606  0.000523  0.000665  0.000527  0.000744  0.000532  0.001314  0.000501  0.000697  0.000543  0.000556  0.000672  0.000563  0.000506  0.000862  0.001079  0.001167  0.001075  0.000788  0.001641  0.000674  0.000554  0.000540  0.001165  0.000609  0.000908  0.000803  0.000782  0.000604  0.002258  0.002068  0.000868  0.000513  0.000534  0.000610  0.000815  0.000789  0.001151  0.000988  0.000570  0.000700  0.002757  0.000597  0.001239  0.000505  0.001187  0.000904  0.001023  0.000526  0.000504  0.000704  0.000587  0.000519  0.000606  0.000558  0.000500  0.001783  0.002329  0.001281  0.002145  0.000501  0.002157  0.001207  0.000662  0.001554  0.000582  0.000504  0.000509  0.001320  0.000558  0.001796  0.000579  0.002912  0.000767  0.000503  0.000707  0.001105  0.000858
 1      2.0  1.0
