201 0 0 5
 0 0.0 0.0 0 
 1 2 3 4 5 6 7 8 9 10 11 12 13 14 15 16 17 18 19 20 21 22 23 24 25 26 27 28 29 30 31 32 33 34 35 36 37 38 39 40 41 42 43 44 45 46 47 48 49 50 51 52 53 54 55 56 57 58 59 60 61 62 63 64 65 66 67 68 69 70 71 72 73 74 75 76 77 78 79 80 81 82 83 84 85 86 87 88 89 90 91 92 93 94 95 96 97 98 99 100 101 102 103 104 105 106 107 108 109 110 111 112 113 114 115 116 117 118 119 120 121 122 123 124 125 126 127 128 129 130 131 132 133 134 135 136 137 138 139 140 141 142 143 144 145 146 147 148 149 150 151 152 153 154 155 156 157 158 159 160 161 162 163 164 165 166 167 168 169 170 171 172 173 174 175 176 177 178 179 180 181 182 183 184 185 186 187 188 189 190 191 192 193 194 195 196 197 198 199 200 201
1  2 	# TRAIT
 0.9999 0.0001
 1
 0.000 0.000 1.000
3  2 	# rs2185276
 0.2584 0.7416
3  2 	# rs6922464
 0.2697 0.7303
3  2 	# rs1221934
 0.4382 0.5618
3  2 	# rs270309
 0.2303 0.7697
3  2 	# rs1674729
 0.4831 0.5169
3  2 	# rs4493751
 0.0225 0.9775
3  2 	# rs9479664
 0.0112 0.9888
3  2 	# rs1937600
 0.0337 0.9663
3  2 	# rs2350402
 0.3034 0.6966
3  2 	# rs7745695
 0.4888 0.5112
3  2 	# rs660756
 0.1011 0.8989
3  2 	# rs9383693
 0.5000 0.5000
3  2 	# rs6935927
 0.0506 0.9494
3  2 	# rs6930716
 0.1966 0.8034
3  2 	# rs2092417
 0.1798 0.8202
3  2 	# rs742517
 0.3708 0.6292
3  2 	# rs9479825
 0.3652 0.6348
3  2 	# rs1933685
 0.1573 0.8427
3  2 	# rs7745077
 0.2753 0.7247
3  2 	# rs2185112
 0.3034 0.6966
3  2 	# rs12194277
 0.4607 0.5393
3  2 	# rs6911971
 0.2697 0.7303
3  2 	# rs17085526
 0.3371 0.6629
3  2 	# rs9371822
 0.4270 0.5730
3  2 	# rs9479954
 0.0899 0.9101
3  2 	# rs6557385
 0.4888 0.5112
3  2 	# rs6934056
 0.4382 0.5618
3  2 	# rs7745332
 0.4213 0.5787
3  2 	# rs9322494
 0.2978 0.7022
3  2 	# rs7746011
 0.0899 0.9101
3  2 	# rs7774757
 0.0618 0.9382
3  2 	# rs11156008
 0.3427 0.6573
3  2 	# rs9397228
 0.4719 0.5281
3  2 	# rs6905473
 0.4494 0.5506
3  2 	# rs6919431
 0.4663 0.5337
3  2 	# rs6557409
 0.0056 0.9944
3  2 	# rs1408756
 0.1910 0.8090
3  2 	# rs335405
 0.3371 0.6629
3  2 	# rs13207865
 0.0562 0.9438
3  2 	# rs231957
 0.0618 0.9382
3  2 	# rs6919626
 0.4888 0.5112
3  2 	# rs7738860
 0.4101 0.5899
3  2 	# rs11755068
 0.0449 0.9551
3  2 	# rs4407725
 0.3202 0.6798
3  2 	# rs4128674
 0.4382 0.5618
3  2 	# rs9371930
 0.2921 0.7079
3  2 	# rs9371932
 0.1461 0.8539
3  2 	# rs9397861
 0.2865 0.7135
3  2 	# rs9383788
 0.3258 0.6742
3  2 	# rs1349239
 0.1236 0.8764
3  2 	# rs2354391
 0.2135 0.7865
3  2 	# rs4394225
 0.3371 0.6629
3  2 	# rs17187232
 0.1236 0.8764
3  2 	# rs6557482
 0.3146 0.6854
3  2 	# rs4382278
 0.4663 0.5337
3  2 	# rs9480304
 0.4494 0.5506
3  2 	# rs7739135
 0.2416 0.7584
3  2 	# rs4429960
 0.0787 0.9213
3  2 	# rs9371428
 0.3202 0.6798
3  2 	# rs2603433
 0.1910 0.8090
3  2 	# rs2493701
 0.4888 0.5112
3  2 	# rs9480347
 0.1067 0.8933
3  2 	# rs1022984
 0.4494 0.5506
3  2 	# rs9397956
 0.1742 0.8258
3  2 	# rs4870483
 0.0787 0.9213
3  2 	# rs11961360
 0.0955 0.9045
3  2 	# rs6906983
 0.2360 0.7640
3  2 	# rs7770280
 0.0393 0.9607
3  2 	# rs3734440
 0.4326 0.5674
3  2 	# rs12211307
 0.0056 0.9944
3  2 	# rs1007250
 0.1517 0.8483
3  2 	# rs602890
 0.1348 0.8652
3  2 	# rs675658
 0.4551 0.5449
3  2 	# rs9458301
 0.2921 0.7079
3  2 	# rs1864500
 0.4944 0.5056
3  2 	# rs928008
 0.2697 0.7303
3  2 	# rs2746217
 0.1705 0.8295
3  2 	# rs10455934
 0.3539 0.6461
3  2 	# rs2295893
 0.2191 0.7809
3  2 	# rs1009014
 0.2584 0.7416
3  2 	# rs662185
 0.2898 0.7102
3  2 	# rs4710078
 0.4270 0.5730
3  2 	# rs827977
 0.3090 0.6910
3  2 	# rs2083587
 0.3371 0.6629
3  2 	# rs9457413
 0.3539 0.6461
3  2 	# rs9457437
 0.1854 0.8146
3  2 	# rs6933401
 0.0674 0.9326
3  2 	# rs7746144
 0.0787 0.9213
3  2 	# rs9457509
 0.3427 0.6573
3  2 	# rs12662184
 0.1798 0.8202
3  2 	# rs1738074
 0.3427 0.6573
3  2 	# rs3120629
 0.2809 0.7191
3  2 	# rs7765276
 0.0562 0.9438
3  2 	# rs2485328
 0.4719 0.5281
3  2 	# rs449602
 0.3090 0.6910
3  2 	# rs6455633
 0.4551 0.5449
3  2 	# rs6455639
 0.2921 0.7079
3  2 	# rs4709326
 0.2416 0.7584
3  2 	# rs9355736
 0.5000 0.5000
3  2 	# rs10945617
 0.1966 0.8034
3  2 	# rs7755526
 0.3989 0.6011
3  2 	# rs4709364
 0.4101 0.5899
3  2 	# rs6924573
 0.2360 0.7640
3  2 	# rs1003737
 0.2330 0.7670
3  2 	# rs4709390
 0.4551 0.5449
3  2 	# rs920812
 0.3708 0.6292
3  2 	# rs622342
 0.1629 0.8371
3  2 	# rs2083867
 0.3933 0.6067
3  2 	# rs596881
 0.0787 0.9213
3  2 	# rs316029
 0.1067 0.8933
3  2 	# rs437865
 0.0506 0.9494
3  2 	# rs1367211
 0.2416 0.7584
3  2 	# rs7767705
 0.2247 0.7753
3  2 	# rs9295131
 0.5000 0.5000
3  2 	# rs2489944
 0.2135 0.7865
3  2 	# rs590884
 0.2614 0.7386
3  2 	# rs1562026
 0.0112 0.9888
3  2 	# rs10945713
 0.2528 0.7472
3  2 	# rs2064721
 0.2247 0.7753
3  2 	# rs7738367
 0.2135 0.7865
3  2 	# rs3823058
 0.0899 0.9101
3  2 	# rs1077281
 0.3146 0.6854
3  2 	# rs9347493
 0.2978 0.7022
3  2 	# rs9458225
 0.0674 0.9326
3  2 	# rs7766508
 0.0618 0.9382
3  2 	# rs6455728
 0.1404 0.8596
3  2 	# rs11968360
 0.0562 0.9438
3  2 	# rs6903203
 0.0562 0.9438
3  2 	# rs9456676
 0.1124 0.8876
3  2 	# rs480557
 0.2978 0.7022
3  2 	# rs6910938
 0.2640 0.7360
3  2 	# rs9364605
 0.4101 0.5899
3  2 	# rs6455744
 0.4101 0.5899
3  2 	# rs9347532
 0.4326 0.5674
3  2 	# rs6921226
 0.3371 0.6629
3  2 	# rs4708928
 0.2753 0.7247
3  2 	# rs7760443
 0.3652 0.6348
3  2 	# rs3016538
 0.1742 0.8258
3  2 	# rs9347543
 0.3876 0.6124
3  2 	# rs12111115
 0.2416 0.7584
3  2 	# rs6909000
 0.2416 0.7584
3  2 	# rs12111075
 0.2528 0.7472
3  2 	# rs9347564
 0.1236 0.8764
3  2 	# rs1954916
 0.1761 0.8239
3  2 	# rs1893551
 0.1292 0.8708
3  2 	# rs713053
 0.2528 0.7472
3  2 	# rs10945802
 0.1854 0.8146
3  2 	# rs9346906
 0.3989 0.6011
3  2 	# rs4392700
 0.4494 0.5506
3  2 	# rs10945816
 0.3989 0.6011
3  2 	# rs4709612
 0.4270 0.5730
3  2 	# rs7740031
 0.0337 0.9663
3  2 	# rs6908330
 0.4213 0.5787
3  2 	# rs10945861
 0.4438 0.5562
3  2 	# rs9346937
 0.4326 0.5674
3  2 	# rs1828819
 0.3933 0.6067
3  2 	# rs9347707
 0.2640 0.7360
3  2 	# rs577398
 0.4831 0.5169
3  2 	# rs566126
 0.1517 0.8483
3  2 	# rs2235993
 0.3202 0.6798
3  2 	# rs1022611
 0.4663 0.5337
3  2 	# rs6916948
 0.3596 0.6404
3  2 	# rs1555064
 0.3708 0.6292
3  2 	# rs4709696
 0.2191 0.7809
3  2 	# rs6903758
 0.2697 0.7303
3  2 	# rs4709704
 0.3764 0.6236
3  2 	# rs1629251
 0.0056 0.9944
3  2 	# rs4709725
 0.4213 0.5787
3  2 	# rs6933936
 0.0730 0.9270
3  2 	# rs4709737
 0.0056 0.9944
3  2 	# rs9458886
 0.0056 0.9944
3  2 	# rs12199352
 0.2640 0.7360
3  2 	# rs13215377
 0.1854 0.8146
3  2 	# rs11755754
 0.1348 0.8652
3  2 	# rs1040644
 0.4213 0.5787
3  2 	# rs7775629
 0.3034 0.6966
3  2 	# rs9456909
 0.2416 0.7584
3  2 	# rs7754718
 0.1854 0.8146
3  2 	# rs9458967
 0.2697 0.7303
3  2 	# rs4709819
 0.4438 0.5562
3  2 	# rs4709823
 0.2753 0.7247
3  2 	# rs9356186
 0.3820 0.6180
3  2 	# rs9459017
 0.1854 0.8146
3  2 	# rs9356192
 0.2416 0.7584
3  2 	# rs814255
 0.0730 0.9270
3  2 	# rs1496118
 0.1573 0.8427
3  2 	# rs9356221
 0.3034 0.6966
3  2 	# rs7760143
 0.4663 0.5337
3  2 	# rs6919146
 0.2472 0.7528
3  2 	# rs4709871
 0.3483 0.6517
3  2 	# rs968009
 0.0562 0.9438
3  2 	# rs996301
 0.2865 0.7135
3  2 	# rs11754642
 0.0899 0.9101
3  2 	# rs3967133
 0.3371 0.6629
3  2 	# rs1322193
 0.2472 0.7528
3  2 	# rs9347988
 0.1910 0.8090
3  2 	# rs894240
 0.4326 0.5674
3  2 	# rs6923393
 0.1461 0.8539
3  2 	# rs4709927
 0.1910 0.8090
3  2 	# rs533040
 0.4494 0.5506
 0 0
 0.1  0.002110  0.001933  0.000583  0.000551  0.001229  0.000535  0.001311  0.000500  0.000678  0.000650  0.002438  0.000562  0.000666  0.000676  0.000631  0.001598  0.000622  0.000561  0.001031  0.001135  0.001680  0.000782  0.001348  0.001256  0.001306  0.003192  0.000636  0.001321  0.001855  0.000852  0.000540  0.000645  0.000504  0.001481  0.000562  0.000690  0.000684  0.001689  0.000578  0.000530  0.000552  0.000615  0.000588  0.002475  0.000510  0.000627  0.000505  0.000930  0.001490  0.000815  0.000502  0.000549  0.000648  0.000526  0.002042  0.000531  0.000628  0.000698  0.001360  0.000512  0.000710  0.000730  0.000605  0.002304  0.000616  0.000578  0.000638  0.000845  0.000823  0.001236  0.006485  0.000581  0.000583  0.000704  0.001901  0.002013  0.000863  0.000564  0.000549  0.000520  0.000587  0.000546  0.000745  0.000506  0.000516  0.000939  0.000583  0.000633  0.001117  0.000517  0.000507  0.001216  0.000646  0.001708  0.000834  0.001371  0.000653  0.000671  0.001318  0.001726  0.000529  0.001293  0.000521  0.000513  0.000591  0.000553  0.001050  0.000812  0.000521  0.000560  0.000743  0.000522  0.001203  0.000531  0.001762  0.000534  0.000504  0.000565  0.000575  0.000529  0.002070  0.001624  0.000832  0.000792  0.003790  0.001333  0.000847  0.000771  0.000515  0.000603  0.000695  0.000798  0.000537  0.001138  0.000624  0.001274  0.001197  0.000686  0.001176  0.000731  0.000904  0.002142  0.000603  0.000762  0.001344  0.001548  0.001442  0.000712  0.000522  0.000849  0.001966  0.001172  0.000505  0.000722  0.000510  0.001256  0.000550  0.000515  0.000613  0.000702  0.000530  0.001423  0.001983  0.002222  0.000561  0.001251  0.001785  0.000671  0.000623  0.001715  0.000709  0.000758  0.001192  0.000501  0.001559  0.001395  0.000570  0.000654  0.000534  0.000766  0.000859  0.002350  0.001535  0.001905  0.003879  0.000891  0.000965  0.000783  0.000588  0.000678  0.000988  0.000546  0.001224  0.000544  0.001371  0.000534  0.002284  0.000713  0.000575
 1      2.0  1.0
