201 0 0 5
 0 0.0 0.0 0 
 1 2 3 4 5 6 7 8 9 10 11 12 13 14 15 16 17 18 19 20 21 22 23 24 25 26 27 28 29 30 31 32 33 34 35 36 37 38 39 40 41 42 43 44 45 46 47 48 49 50 51 52 53 54 55 56 57 58 59 60 61 62 63 64 65 66 67 68 69 70 71 72 73 74 75 76 77 78 79 80 81 82 83 84 85 86 87 88 89 90 91 92 93 94 95 96 97 98 99 100 101 102 103 104 105 106 107 108 109 110 111 112 113 114 115 116 117 118 119 120 121 122 123 124 125 126 127 128 129 130 131 132 133 134 135 136 137 138 139 140 141 142 143 144 145 146 147 148 149 150 151 152 153 154 155 156 157 158 159 160 161 162 163 164 165 166 167 168 169 170 171 172 173 174 175 176 177 178 179 180 181 182 183 184 185 186 187 188 189 190 191 192 193 194 195 196 197 198 199 200 201
1  2 	# TRAIT
 0.9999 0.0001
 1
 0.000 0.000 1.000
3  2 	# rs9343931
 0.4831 0.5169
3  2 	# rs12525600
 0.3539 0.6461
3  2 	# rs1321847
 0.1292 0.8708
3  2 	# rs346291
 0.1705 0.8295
3  2 	# rs9343953
 0.4270 0.5730
3  2 	# rs240226
 0.3034 0.6966
3  2 	# rs604732
 0.0506 0.9494
3  2 	# rs9352838
 0.0843 0.9157
3  2 	# rs2503749
 0.4326 0.5674
3  2 	# rs13193950
 0.1910 0.8090
3  2 	# rs9449223
 0.1629 0.8371
3  2 	# rs7762518
 0.3090 0.6910
3  2 	# rs996136
 0.4438 0.5562
3  2 	# rs1341230
 0.3764 0.6236
3  2 	# rs10943829
 0.3427 0.6573
3  2 	# rs10484871
 0.1011 0.8989
3  2 	# rs1291465
 0.0899 0.9101
3  2 	# rs9361875
 0.2191 0.7809
3  2 	# rs4054489
 0.1180 0.8820
3  2 	# rs1342194
 0.1573 0.8427
3  2 	# rs2039669
 0.4326 0.5674
3  2 	# rs9449437
 0.0899 0.9101
3  2 	# rs2983882
 0.2528 0.7472
3  2 	# rs1369869
 0.1854 0.8146
3  2 	# rs287849
 0.1461 0.8539
3  2 	# rs1076710
 0.1573 0.8427
3  2 	# rs2324167
 0.0449 0.9551
3  2 	# rs7766560
 0.2753 0.7247
3  2 	# rs1180195
 0.3764 0.6236
3  2 	# rs12204318
 0.2584 0.7416
3  2 	# rs624076
 0.2640 0.7360
3  2 	# rs9341967
 0.1705 0.8295
3  2 	# rs2497113
 0.1685 0.8315
3  2 	# rs6910017
 0.3539 0.6461
3  2 	# rs2206984
 0.0843 0.9157
3  2 	# rs10943979
 0.1798 0.8202
3  2 	# rs9444174
 0.0562 0.9438
3  2 	# rs4707051
 0.4659 0.5341
3  2 	# rs7741380
 0.5000 0.5000
3  2 	# rs10498943
 0.0618 0.9382
3  2 	# rs763725
 0.1236 0.8764
3  2 	# rs7773154
 0.3596 0.6404
3  2 	# rs1359602
 0.3764 0.6236
3  2 	# rs515583
 0.0674 0.9326
3  2 	# rs7759585
 0.1966 0.8034
3  2 	# rs313243
 0.0730 0.9270
3  2 	# rs7452605
 0.3539 0.6461
3  2 	# rs220409
 0.2921 0.7079
3  2 	# rs2816579
 0.3989 0.6011
3  2 	# rs17543325
 0.0843 0.9157
3  2 	# rs9344620
 0.3371 0.6629
3  2 	# rs12198149
 0.4382 0.5618
3  2 	# rs16879873
 0.1011 0.8989
3  2 	# rs6936751
 0.2921 0.7079
3  2 	# rs9359730
 0.4213 0.5787
3  2 	# rs242275
 0.4270 0.5730
3  2 	# rs9444519
 0.4719 0.5281
3  2 	# rs4707403
 0.2697 0.7303
3  2 	# rs9344726
 0.4270 0.5730
3  2 	# rs722903
 0.2640 0.7360
3  2 	# rs1324689
 0.2079 0.7921
3  2 	# rs4428477
 0.0227 0.9773
3  2 	# rs16879998
 0.2528 0.7472
3  2 	# rs269442
 0.4944 0.5056
3  2 	# rs3857490
 0.1236 0.8764
3  2 	# rs806376
 0.2921 0.7079
3  2 	# rs6906184
 0.0618 0.9382
3  2 	# rs7770704
 0.0899 0.9101
3  2 	# rs1555340
 0.4888 0.5112
3  2 	# rs9444597
 0.3596 0.6404
3  2 	# rs16880525
 0.2303 0.7697
3  2 	# rs4707477
 0.4213 0.5787
3  2 	# rs4706323
 0.2022 0.7978
3  2 	# rs744270
 0.0899 0.9101
3  2 	# rs2610768
 0.2022 0.7978
3  2 	# rs9451118
 0.2303 0.7697
3  2 	# rs855575
 0.1011 0.8989
3  2 	# rs439912
 0.0506 0.9494
3  2 	# rs282114
 0.2360 0.7640
3  2 	# rs282121
 0.3258 0.6742
3  2 	# rs7742664
 0.4382 0.5618
3  2 	# rs7743444
 0.4045 0.5955
3  2 	# rs854917
 0.0618 0.9382
3  2 	# rs1179901
 0.0337 0.9663
3  2 	# rs11967579
 0.0169 0.9831
3  2 	# rs292255
 0.3820 0.6180
3  2 	# rs6910129
 0.1404 0.8596
3  2 	# rs4707585
 0.2640 0.7360
3  2 	# rs9342219
 0.3764 0.6236
3  2 	# rs207264
 0.1573 0.8427
3  2 	# rs3734660
 0.1292 0.8708
3  2 	# rs12195431
 0.1011 0.8989
3  2 	# rs1847473
 0.1517 0.8483
3  2 	# rs717893
 0.0899 0.9101
3  2 	# rs790605
 0.3652 0.6348
3  2 	# rs1221220
 0.4775 0.5225
3  2 	# rs157705
 0.2978 0.7022
3  2 	# rs2750440
 0.0787 0.9213
3  2 	# rs2325312
 0.2584 0.7416
3  2 	# rs12526019
 0.3202 0.6798
3  2 	# rs9353764
 0.2640 0.7360
3  2 	# rs1145786
 0.2809 0.7191
3  2 	# rs711280
 0.2022 0.7978
3  2 	# rs1144168
 0.0674 0.9326
3  2 	# rs6936812
 0.4045 0.5955
3  2 	# rs7766974
 0.0618 0.9382
3  2 	# rs6924365
 0.3708 0.6292
3  2 	# rs9345098
 0.3258 0.6742
3  2 	# rs9294483
 0.0056 0.9944
3  2 	# rs2224063
 0.4382 0.5618
3  2 	# rs2818291
 0.1966 0.8034
3  2 	# rs4707675
 0.1067 0.8933
3  2 	# rs7453029
 0.1798 0.8202
3  2 	# rs1761783
 0.2135 0.7865
3  2 	# rs4318847
 0.4607 0.5393
3  2 	# rs1493556
 0.2472 0.7528
3  2 	# rs2452974
 0.4888 0.5112
3  2 	# rs1373376
 0.4382 0.5618
3  2 	# rs9451963
 0.1629 0.8371
3  2 	# rs6927251
 0.3315 0.6685
3  2 	# rs6935299
 0.3483 0.6517
3  2 	# rs9345268
 0.2416 0.7584
3  2 	# rs6908465
 0.0337 0.9663
3  2 	# rs951556
 0.1348 0.8652
3  2 	# rs7742301
 0.1236 0.8764
3  2 	# rs677242
 0.4607 0.5393
3  2 	# rs7760335
 0.0506 0.9494
3  2 	# rs6938042
 0.4607 0.5393
3  2 	# rs7772899
 0.3708 0.6292
3  2 	# rs1572102
 0.4602 0.5398
3  2 	# rs164301
 0.3371 0.6629
3  2 	# rs4707796
 0.3090 0.6910
3  2 	# rs351331
 0.4607 0.5393
3  2 	# rs1906980
 0.2921 0.7079
3  2 	# rs7765999
 0.3989 0.6011
3  2 	# rs574793
 0.0281 0.9719
3  2 	# rs12216311
 0.0787 0.9213
3  2 	# rs12529767
 0.4213 0.5787
3  2 	# rs461442
 0.2640 0.7360
3  2 	# rs2325585
 0.2247 0.7753
3  2 	# rs1322422
 0.4719 0.5281
3  2 	# rs9445284
 0.1067 0.8933
3  2 	# rs993200
 0.0449 0.9551
3  2 	# rs2502037
 0.3820 0.6180
3  2 	# rs794669
 0.3876 0.6124
3  2 	# rs197902
 0.2416 0.7584
3  2 	# rs2380218
 0.2697 0.7303
3  2 	# rs9320526
 0.3864 0.6136
3  2 	# rs4839992
 0.1966 0.8034
3  2 	# rs6936274
 0.4213 0.5787
3  2 	# rs2799665
 0.3146 0.6854
3  2 	# rs4840174
 0.3636 0.6364
3  2 	# rs9322615
 0.2865 0.7135
3  2 	# rs2248641
 0.3258 0.6742
3  2 	# rs7768506
 0.3989 0.6011
3  2 	# rs9384578
 0.3146 0.6854
3  2 	# rs1413522
 0.4101 0.5899
3  2 	# rs17056960
 0.2472 0.7528
3  2 	# rs850577
 0.4045 0.5955
3  2 	# rs9320375
 0.4101 0.5899
3  2 	# rs1206155
 0.2640 0.7360
3  2 	# rs10499010
 0.1348 0.8652
3  2 	# rs4391266
 0.1685 0.8315
3  2 	# rs9401123
 0.4101 0.5899
3  2 	# rs9489706
 0.2247 0.7753
3  2 	# rs9372650
 0.4045 0.5955
3  2 	# rs9388482
 0.4663 0.5337
3  2 	# rs158773
 0.2360 0.7640
3  2 	# rs150396
 0.3876 0.6124
3  2 	# rs17829357
 0.0562 0.9438
3  2 	# rs9375604
 0.0562 0.9438
3  2 	# rs10499023
 0.0281 0.9719
3  2 	# rs9375728
 0.4382 0.5618
3  2 	# rs9402444
 0.4607 0.5393
3  2 	# rs12528619
 0.0955 0.9045
3  2 	# rs11963108
 0.4101 0.5899
3  2 	# rs2038715
 0.4438 0.5562
3  2 	# rs6908196
 0.1124 0.8876
3  2 	# rs9321763
 0.2416 0.7584
3  2 	# rs9495657
 0.0056 0.9944
3  2 	# rs13212643
 0.2978 0.7022
3  2 	# rs4642484
 0.0674 0.9326
3  2 	# rs11155282
 0.3146 0.6854
3  2 	# rs2474251
 0.3315 0.6685
3  2 	# rs12201659
 0.2584 0.7416
3  2 	# rs6570574
 0.2640 0.7360
3  2 	# rs924974
 0.3820 0.6180
3  2 	# rs1506084
 0.2528 0.7472
3  2 	# rs3798492
 0.3933 0.6067
3  2 	# rs9377236
 0.2697 0.7303
3  2 	# rs1338161
 0.2079 0.7921
3  2 	# rs2579931
 0.0730 0.9270
3  2 	# rs1856309
 0.0787 0.9213
3  2 	# rs2749060
 0.4157 0.5843
3  2 	# rs2021678
 0.1742 0.8258
3  2 	# rs1415485
 0.4157 0.5843
3  2 	# rs17062422
 0.1292 0.8708
3  2 	# rs9498691
 0.3933 0.6067
3  2 	# rs1475922
 0.0955 0.9045
3  2 	# rs2782908
 0.3989 0.6011
 0 0
 0.1  0.000623  0.000537  0.000727  0.000708  0.000907  0.000510  0.000610  0.000648  0.000593  0.000615  0.001546  0.000505  0.000514  0.001093  0.000560  0.000504  0.000803  0.000503  0.000996  0.000510  0.000708  0.000700  0.000605  0.000628  0.000974  0.000544  0.000745  0.000556  0.000629  0.000725  0.000958  0.001686  0.001528  0.001064  0.000760  0.000530  0.000509  0.000892  0.000534  0.000997  0.000590  0.000534  0.000506  0.000727  0.000504  0.000628  0.000818  0.000513  0.000606  0.000545  0.000535  0.000630  0.000626  0.000516  0.000556  0.000505  0.000713  0.000797  0.001308  0.002058  0.000520  0.002074  0.000541  0.002821  0.001103  0.000531  0.000932  0.000765  0.000752  0.000995  0.000979  0.000540  0.000994  0.000825  0.000772  0.000558  0.000511  0.000574  0.001797  0.000598  0.000579  0.001083  0.000542  0.000539  0.001690  0.000864  0.001600  0.001736  0.001736  0.000506  0.000500  0.000507  0.000579  0.003187  0.000569  0.000814  0.000500  0.001227  0.000592  0.002061  0.000898  0.001815  0.001514  0.001310  0.000742  0.000556  0.001670  0.000506  0.001373  0.000653  0.000607  0.000833  0.000512  0.000513  0.001032  0.001073  0.000539  0.000502  0.000540  0.000613  0.000555  0.000637  0.000780  0.000507  0.001228  0.001588  0.001022  0.000525  0.000500  0.000987  0.000556  0.000589  0.001294  0.000630  0.000674  0.000592  0.000510  0.001101  0.000769  0.000615  0.001241  0.000512  0.000529  0.001304  0.000575  0.000528  0.000541  0.000554  0.000523  0.000551  0.000898  0.001198  0.000696  0.000508  0.000565  0.002055  0.000542  0.000870  0.000547  0.001026  0.000697  0.000527  0.001600  0.000542  0.000507  0.001825  0.002025  0.000582  0.000559  0.001192  0.001257  0.000850  0.000598  0.001604  0.000514  0.000518  0.000656  0.000840  0.001309  0.000692  0.000631  0.001102  0.000806  0.001199  0.001226  0.000734  0.000598  0.001756  0.000695  0.001008  0.000785  0.001108  0.000709  0.000906  0.001927  0.000837  0.001597  0.000914  0.000507
 1      2.0  1.0
