201 0 0 5
 0 0.0 0.0 0 
 1 2 3 4 5 6 7 8 9 10 11 12 13 14 15 16 17 18 19 20 21 22 23 24 25 26 27 28 29 30 31 32 33 34 35 36 37 38 39 40 41 42 43 44 45 46 47 48 49 50 51 52 53 54 55 56 57 58 59 60 61 62 63 64 65 66 67 68 69 70 71 72 73 74 75 76 77 78 79 80 81 82 83 84 85 86 87 88 89 90 91 92 93 94 95 96 97 98 99 100 101 102 103 104 105 106 107 108 109 110 111 112 113 114 115 116 117 118 119 120 121 122 123 124 125 126 127 128 129 130 131 132 133 134 135 136 137 138 139 140 141 142 143 144 145 146 147 148 149 150 151 152 153 154 155 156 157 158 159 160 161 162 163 164 165 166 167 168 169 170 171 172 173 174 175 176 177 178 179 180 181 182 183 184 185 186 187 188 189 190 191 192 193 194 195 196 197 198 199 200 201
1  2 	# TRAIT
 0.9999 0.0001
 1
 0.000 0.000 1.000
3  2 	# rs1896967
 0.4157 0.5843
3  2 	# rs1413917
 0.2022 0.7978
3  2 	# rs8193037
 0.0843 0.9157
3  2 	# rs12201582
 0.0955 0.9045
3  2 	# rs472589
 0.2247 0.7753
3  2 	# rs6912417
 0.2640 0.7360
3  2 	# rs10456660
 0.0506 0.9494
3  2 	# rs4715307
 0.4213 0.5787
3  2 	# rs7746685
 0.3652 0.6348
3  2 	# rs723815
 0.1011 0.8989
3  2 	# rs2180312
 0.2865 0.7135
3  2 	# rs13215455
 0.1348 0.8652
3  2 	# rs668163
 0.4944 0.5056
3  2 	# rs10456664
 0.1011 0.8989
3  2 	# rs11962677
 0.0393 0.9607
3  2 	# rs17608022
 0.0281 0.9719
3  2 	# rs2816346
 0.4494 0.5506
3  2 	# rs10484663
 0.3636 0.6364
3  2 	# rs9474466
 0.0562 0.9438
3  2 	# rs934147
 0.0112 0.9888
3  2 	# rs12209741
 0.1348 0.8652
3  2 	# rs1467408
 0.3596 0.6404
3  2 	# rs2397146
 0.2809 0.7191
3  2 	# rs510088
 0.0449 0.9551
3  2 	# rs7738142
 0.1292 0.8708
3  2 	# rs809942
 0.2865 0.7135
3  2 	# rs676965
 0.1292 0.8708
3  2 	# rs12210809
 0.4438 0.5562
3  2 	# rs9370225
 0.3182 0.6818
3  2 	# rs4715416
 0.2247 0.7753
3  2 	# rs3001006
 0.2753 0.7247
3  2 	# rs9370251
 0.4213 0.5787
3  2 	# rs12206659
 0.2135 0.7865
3  2 	# rs9382278
 0.0393 0.9607
3  2 	# rs499594
 0.0506 0.9494
3  2 	# rs2136136
 0.2206 0.7794
3  2 	# rs3907818
 0.2753 0.7247
3  2 	# rs9367581
 0.4831 0.5169
3  2 	# rs10484986
 0.0337 0.9663
3  2 	# rs2135760
 0.2528 0.7472
3  2 	# rs7453866
 0.2247 0.7753
3  2 	# rs12209485
 0.1573 0.8427
3  2 	# rs3122156
 0.2303 0.7697
3  2 	# rs958626
 0.0056 0.9944
3  2 	# rs3942865
 0.0843 0.9157
3  2 	# rs1472641
 0.4831 0.5169
3  2 	# rs4236134
 0.4157 0.5843
3  2 	# rs11754509
 0.0056 0.9944
3  2 	# rs2498529
 0.2360 0.7640
3  2 	# rs12174118
 0.1573 0.8427
3  2 	# rs3798818
 0.1742 0.8258
3  2 	# rs7357042
 0.0169 0.9831
3  2 	# rs4715574
 0.1461 0.8539
3  2 	# rs3807013
 0.4045 0.5955
3  2 	# rs7739763
 0.1236 0.8764
3  2 	# rs9475676
 0.1124 0.8876
3  2 	# rs606894
 0.2416 0.7584
3  2 	# rs1903332
 0.0056 0.9944
3  2 	# rs4715646
 0.1124 0.8876
3  2 	# rs7760349
 0.1966 0.8034
3  2 	# rs1888266
 0.0112 0.9888
3  2 	# rs9476005
 0.1573 0.8427
3  2 	# rs4440467
 0.2640 0.7360
3  2 	# rs7776004
 0.4157 0.5843
3  2 	# rs1336317
 0.3820 0.6180
3  2 	# rs6901766
 0.4663 0.5337
3  2 	# rs4710674
 0.4101 0.5899
3  2 	# rs1334737
 0.4213 0.5787
3  2 	# rs12190145
 0.3596 0.6404
3  2 	# rs9359331
 0.3539 0.6461
3  2 	# rs2677024
 0.0899 0.9101
3  2 	# rs7767473
 0.4326 0.5674
3  2 	# rs9353368
 0.2809 0.7191
3  2 	# rs6454771
 0.4101 0.5899
3  2 	# rs2050623
 0.2921 0.7079
3  2 	# rs1415534
 0.4101 0.5899
3  2 	# rs9360039
 0.3427 0.6573
3  2 	# rs9453089
 0.2022 0.7978
3  2 	# rs2144715
 0.1629 0.8371
3  2 	# rs12207169
 0.0449 0.9551
3  2 	# rs13201014
 0.0899 0.9101
3  2 	# rs1393685
 0.3989 0.6011
3  2 	# rs10944808
 0.3146 0.6854
3  2 	# rs354401
 0.2978 0.7022
3  2 	# rs13191280
 0.4045 0.5955
3  2 	# rs4424062
 0.4775 0.5225
3  2 	# rs6929762
 0.0787 0.9213
3  2 	# rs6919921
 0.3596 0.6404
3  2 	# rs1398803
 0.1124 0.8876
3  2 	# rs1464072
 0.2472 0.7528
3  2 	# rs6924193
 0.0393 0.9607
3  2 	# rs1224521
 0.0843 0.9157
3  2 	# rs9354442
 0.3371 0.6629
3  2 	# rs183895
 0.3539 0.6461
3  2 	# rs12201073
 0.2809 0.7191
3  2 	# rs4544889
 0.2191 0.7809
3  2 	# rs9354503
 0.1023 0.8977
3  2 	# rs9445804
 0.4382 0.5618
3  2 	# rs16899152
 0.2247 0.7753
3  2 	# rs7766725
 0.2303 0.7697
3  2 	# rs9454120
 0.1854 0.8146
3  2 	# rs856817
 0.1180 0.8820
3  2 	# rs12195466
 0.1011 0.8989
3  2 	# rs1399224
 0.4831 0.5169
3  2 	# rs12153928
 0.2360 0.7640
3  2 	# rs701716
 0.2022 0.7978
3  2 	# rs701713
 0.4607 0.5393
3  2 	# rs7454318
 0.4607 0.5393
3  2 	# rs9454457
 0.3034 0.6966
3  2 	# rs1907149
 0.4270 0.5730
3  2 	# rs6922980
 0.3258 0.6742
3  2 	# rs2802681
 0.0056 0.9944
3  2 	# rs571299
 0.4157 0.5843
3  2 	# rs3798992
 0.4213 0.5787
3  2 	# rs3799039
 0.0618 0.9382
3  2 	# rs9454742
 0.4101 0.5899
3  2 	# rs7752231
 0.0787 0.9213
3  2 	# rs9454900
 0.0899 0.9101
3  2 	# rs16868360
 0.0730 0.9270
3  2 	# rs3828767
 0.4944 0.5056
3  2 	# rs6937838
 0.2303 0.7697
3  2 	# rs9446206
 0.1854 0.8146
3  2 	# rs883708
 0.1573 0.8427
3  2 	# rs1321061
 0.4888 0.5112
3  2 	# rs498373
 0.0899 0.9101
3  2 	# rs7772055
 0.4326 0.5674
3  2 	# rs9446271
 0.1854 0.8146
3  2 	# rs781994
 0.1461 0.8539
3  2 	# rs1619936
 0.4326 0.5674
3  2 	# rs9294882
 0.2640 0.7360
3  2 	# rs13208627
 0.3068 0.6932
3  2 	# rs992998
 0.2472 0.7528
3  2 	# rs9294888
 0.1854 0.8146
3  2 	# rs7748559
 0.4213 0.5787
3  2 	# rs2222722
 0.4326 0.5674
3  2 	# rs12195791
 0.2191 0.7809
3  2 	# rs9446418
 0.2697 0.7303
3  2 	# rs1328706
 0.4326 0.5674
3  2 	# rs1536764
 0.4270 0.5730
3  2 	# rs2013821
 0.2865 0.7135
3  2 	# rs535807
 0.3315 0.6685
3  2 	# rs10455256
 0.0843 0.9157
3  2 	# rs2781567
 0.3427 0.6573
3  2 	# rs2781564
 0.4551 0.5449
3  2 	# rs7772714
 0.4438 0.5562
3  2 	# rs2840794
 0.0562 0.9438
3  2 	# rs7775641
 0.4326 0.5674
3  2 	# rs6927484
 0.0281 0.9719
3  2 	# rs1317537
 0.3539 0.6461
3  2 	# rs10943073
 0.4775 0.5225
3  2 	# rs9351963
 0.4157 0.5843
3  2 	# rs6933440
 0.2584 0.7416
3  2 	# rs6453644
 0.1180 0.8820
3  2 	# rs2603472
 0.1573 0.8427
3  2 	# rs9360664
 0.1348 0.8652
3  2 	# rs7761170
 0.1966 0.8034
3  2 	# rs10498893
 0.3146 0.6854
3  2 	# rs9293937
 0.2416 0.7584
3  2 	# rs3005511
 0.4663 0.5337
3  2 	# rs4708114
 0.2416 0.7584
3  2 	# rs2635117
 0.4607 0.5393
3  2 	# rs13193570
 0.0281 0.9719
3  2 	# rs2992983
 0.4607 0.5393
3  2 	# rs2883136
 0.2921 0.7079
3  2 	# rs6453809
 0.1067 0.8933
3  2 	# rs636885
 0.1292 0.8708
3  2 	# rs240734
 0.3876 0.6124
3  2 	# rs240366
 0.0618 0.9382
3  2 	# rs2951928
 0.2809 0.7191
3  2 	# rs3798447
 0.3596 0.6404
3  2 	# rs11754389
 0.0506 0.9494
3  2 	# rs4708201
 0.4213 0.5787
3  2 	# rs1933483
 0.1798 0.8202
3  2 	# rs2451593
 0.4775 0.5225
3  2 	# rs4235898
 0.1798 0.8202
3  2 	# rs4441926
 0.1404 0.8596
3  2 	# rs9361100
 0.1348 0.8652
3  2 	# rs9343476
 0.2022 0.7978
3  2 	# rs1016555
 0.3708 0.6292
3  2 	# rs13216684
 0.4326 0.5674
3  2 	# rs7767310
 0.3258 0.6742
3  2 	# rs9447983
 0.4213 0.5787
3  2 	# rs13210682
 0.0056 0.9944
3  2 	# rs9361235
 0.0730 0.9270
3  2 	# rs1304885
 0.4101 0.5899
3  2 	# rs483602
 0.4101 0.5899
3  2 	# rs7758172
 0.1067 0.8933
3  2 	# rs699171
 0.0618 0.9382
3  2 	# rs600188
 0.1573 0.8427
3  2 	# rs9443592
 0.0899 0.9101
3  2 	# rs11756825
 0.0056 0.9944
3  2 	# rs9361491
 0.4213 0.5787
3  2 	# rs2874649
 0.1292 0.8708
3  2 	# rs4706768
 0.2528 0.7472
3  2 	# rs725750
 0.0393 0.9607
3  2 	# rs196683
 0.0955 0.9045
3  2 	# rs11754404
 0.0506 0.9494
3  2 	# rs6939569
 0.1011 0.8989
3  2 	# rs2812710
 0.0618 0.9382
3  2 	# rs9343931
 0.4831 0.5169
 0 0
 0.1  0.000525  0.001390  0.000512  0.001347  0.001205  0.000516  0.000533  0.001077  0.000584  0.002082  0.000542  0.001582  0.000945  0.000991  0.000737  0.000707  0.000507  0.000520  0.000780  0.001298  0.001445  0.000504  0.001631  0.000631  0.000534  0.000513  0.000678  0.000520  0.001866  0.000506  0.000930  0.000518  0.000973  0.000526  0.000745  0.000541  0.000600  0.000590  0.000692  0.000647  0.000588  0.000514  0.000644  0.000558  0.000543  0.000681  0.000621  0.000527  0.000714  0.000521  0.000505  0.000800  0.001385  0.000530  0.000621  0.000641  0.000767  0.000663  0.001345  0.000546  0.000755  0.000571  0.000902  0.000517  0.000502  0.000502  0.000514  0.000526  0.000614  0.000579  0.000569  0.000526  0.000658  0.000620  0.000629  0.000572  0.000919  0.000661  0.002539  0.000668  0.001225  0.000870  0.000644  0.000504  0.000504  0.000531  0.000509  0.002620  0.000537  0.000939  0.000541  0.000558  0.001164  0.000581  0.001418  0.000725  0.000730  0.000575  0.001085  0.000507  0.000532  0.000565  0.000913  0.000712  0.000556  0.000667  0.000537  0.000571  0.000852  0.000844  0.001388  0.001003  0.000506  0.000502  0.000722  0.001703  0.000802  0.000503  0.001062  0.000600  0.000646  0.000504  0.000503  0.001189  0.001503  0.000627  0.001244  0.000805  0.001732  0.000528  0.000601  0.000527  0.000632  0.000576  0.000500  0.000509  0.002004  0.000574  0.000541  0.000560  0.000547  0.000601  0.001147  0.001636  0.000861  0.000508  0.000573  0.000608  0.000784  0.000613  0.001153  0.001714  0.000738  0.000935  0.001104  0.000657  0.001422  0.000669  0.000516  0.000534  0.000565  0.000503  0.001480  0.000618  0.000566  0.001976  0.000981  0.000674  0.000530  0.000828  0.000700  0.000593  0.000812  0.001452  0.001021  0.000501  0.000505  0.000788  0.000526  0.000512  0.000562  0.000585  0.001228  0.000516  0.000767  0.000559  0.001187  0.000852  0.000590  0.000597  0.000519  0.001352  0.000514  0.000550  0.000568  0.000973  0.000560  0.000528  0.000514
 1      2.0  1.0
