201 0 0 5
 0 0.0 0.0 0 
 1 2 3 4 5 6 7 8 9 10 11 12 13 14 15 16 17 18 19 20 21 22 23 24 25 26 27 28 29 30 31 32 33 34 35 36 37 38 39 40 41 42 43 44 45 46 47 48 49 50 51 52 53 54 55 56 57 58 59 60 61 62 63 64 65 66 67 68 69 70 71 72 73 74 75 76 77 78 79 80 81 82 83 84 85 86 87 88 89 90 91 92 93 94 95 96 97 98 99 100 101 102 103 104 105 106 107 108 109 110 111 112 113 114 115 116 117 118 119 120 121 122 123 124 125 126 127 128 129 130 131 132 133 134 135 136 137 138 139 140 141 142 143 144 145 146 147 148 149 150 151 152 153 154 155 156 157 158 159 160 161 162 163 164 165 166 167 168 169 170 171 172 173 174 175 176 177 178 179 180 181 182 183 184 185 186 187 188 189 190 191 192 193 194 195 196 197 198 199 200 201
1  2 	# TRAIT
 0.9999 0.0001
 1
 0.000 0.000 1.000
3  2 	# rs7774353
 0.2921 0.7079
3  2 	# rs9501714
 0.1910 0.8090
3  2 	# rs6920539
 0.2022 0.7978
3  2 	# rs727056
 0.4663 0.5337
3  2 	# rs9328070
 0.4382 0.5618
3  2 	# rs1150764
 0.0618 0.9382
3  2 	# rs2797307
 0.1573 0.8427
3  2 	# rs9378808
 0.3090 0.6910
3  2 	# rs4275100
 0.4663 0.5337
3  2 	# rs6597037
 0.1685 0.8315
3  2 	# rs9504180
 0.1124 0.8876
3  2 	# rs2073009
 0.3708 0.6292
3  2 	# rs4960096
 0.3876 0.6124
3  2 	# rs7454457
 0.1910 0.8090
3  2 	# rs2788222
 0.1629 0.8371
3  2 	# rs1933652
 0.0843 0.9157
3  2 	# rs9392857
 0.2640 0.7360
3  2 	# rs7761470
 0.3933 0.6067
3  2 	# rs4959455
 0.4944 0.5056
3  2 	# rs7770224
 0.2921 0.7079
3  2 	# rs9378518
 0.3708 0.6292
3  2 	# rs2784968
 0.2303 0.7697
3  2 	# rs11755910
 0.1136 0.8864
3  2 	# rs845896
 0.0618 0.9382
3  2 	# rs1764123
 0.0899 0.9101
3  2 	# rs11966212
 0.1742 0.8258
3  2 	# rs2143396
 0.2191 0.7809
3  2 	# rs9391899
 0.2303 0.7697
3  2 	# rs6915235
 0.0843 0.9157
3  2 	# rs7454978
 0.1404 0.8596
3  2 	# rs1161761
 0.2865 0.7135
3  2 	# rs238051
 0.2416 0.7584
3  2 	# rs238074
 0.0562 0.9438
3  2 	# rs2496281
 0.4101 0.5899
3  2 	# rs10793833
 0.4489 0.5511
3  2 	# rs893235
 0.0056 0.9944
3  2 	# rs1737766
 0.3764 0.6236
3  2 	# rs10498654
 0.0899 0.9101
3  2 	# rs9405137
 0.0899 0.9101
3  2 	# rs2293783
 0.3596 0.6404
3  2 	# rs9378623
 0.3315 0.6685
3  2 	# rs10458124
 0.4944 0.5056
3  2 	# rs2816272
 0.3708 0.6292
3  2 	# rs9378296
 0.3708 0.6292
3  2 	# rs7763653
 0.2921 0.7079
3  2 	# rs2569865
 0.4888 0.5112
3  2 	# rs6916316
 0.3483 0.6517
3  2 	# rs742554
 0.1067 0.8933
3  2 	# rs2745593
 0.1011 0.8989
3  2 	# rs9405142
 0.1910 0.8090
3  2 	# rs9503013
 0.0674 0.9326
3  2 	# rs3800032
 0.2528 0.7472
3  2 	# rs2318089
 0.4213 0.5787
3  2 	# rs3823269
 0.3258 0.6742
3  2 	# rs6919059
 0.2865 0.7135
3  2 	# rs3778530
 0.4213 0.5787
3  2 	# rs3800091
 0.2528 0.7472
3  2 	# rs11242725
 0.4831 0.5169
3  2 	# rs9503076
 0.4663 0.5337
3  2 	# rs6908269
 0.2247 0.7753
3  2 	# rs12193414
 0.1629 0.8371
3  2 	# rs11242772
 0.3596 0.6404
3  2 	# rs7772576
 0.0843 0.9157
3  2 	# rs1772987
 0.2865 0.7135
3  2 	# rs2449447
 0.4888 0.5112
3  2 	# rs6918808
 0.2416 0.7584
3  2 	# rs9328113
 0.0618 0.9382
3  2 	# rs9503260
 0.0787 0.9213
3  2 	# rs2296355
 0.3933 0.6067
3  2 	# rs160690
 0.3596 0.6404
3  2 	# rs316339
 0.2416 0.7584
3  2 	# rs12530071
 0.1236 0.8764
3  2 	# rs318491
 0.1629 0.8371
3  2 	# rs11242810
 0.1292 0.8708
3  2 	# rs2295769
 0.2865 0.7135
3  2 	# rs4149360
 0.1348 0.8652
3  2 	# rs7761969
 0.4270 0.5730
3  2 	# rs7739011
 0.0899 0.9101
3  2 	# rs9501935
 0.2416 0.7584
3  2 	# rs11242827
 0.2809 0.7191
3  2 	# rs4959232
 0.4213 0.5787
3  2 	# rs10498660
 0.4382 0.5618
3  2 	# rs6923735
 0.4213 0.5787
3  2 	# rs7775474
 0.4270 0.5730
3  2 	# rs10900943
 0.0056 0.9944
3  2 	# rs4959848
 0.1573 0.8427
3  2 	# rs6905808
 0.1067 0.8933
3  2 	# rs9638039
 0.4551 0.5449
3  2 	# rs9392512
 0.4045 0.5955
3  2 	# rs226924
 0.4101 0.5899
3  2 	# rs9392005
 0.2697 0.7303
3  2 	# rs9503728
 0.2273 0.7727
3  2 	# rs9502072
 0.3146 0.6854
3  2 	# rs2326364
 0.2247 0.7753
3  2 	# rs2252854
 0.3090 0.6910
3  2 	# rs4959883
 0.0618 0.9382
3  2 	# rs4074617
 0.1124 0.8876
3  2 	# rs4959264
 0.1966 0.8034
3  2 	# rs4959265
 0.0337 0.9663
3  2 	# rs9405214
 0.3933 0.6067
3  2 	# rs6938648
 0.1854 0.8146
3  2 	# rs626080
 0.3202 0.6798
3  2 	# rs13206717
 0.0393 0.9607
3  2 	# rs9378848
 0.1573 0.8427
3  2 	# rs1999022
 0.4831 0.5169
3  2 	# rs9392582
 0.1629 0.8371
3  2 	# rs339294
 0.3539 0.6461
3  2 	# rs7762514
 0.3146 0.6854
3  2 	# rs1265242
 0.4831 0.5169
3  2 	# rs6926616
 0.2921 0.7079
3  2 	# rs4960005
 0.0337 0.9663
3  2 	# rs234427
 0.1573 0.8427
3  2 	# rs9378408
 0.2584 0.7416
3  2 	# rs4959312
 0.4157 0.5843
3  2 	# rs1849564
 0.2640 0.7360
3  2 	# rs3812183
 0.3933 0.6067
3  2 	# rs4502986
 0.1573 0.8427
3  2 	# rs6918380
 0.1124 0.8876
3  2 	# rs1417657
 0.2753 0.7247
3  2 	# rs3804547
 0.3315 0.6685
3  2 	# rs431060
 0.1910 0.8090
3  2 	# rs1246996
 0.0787 0.9213
3  2 	# rs421473
 0.1854 0.8146
3  2 	# rs11242995
 0.4494 0.5506
3  2 	# rs9392671
 0.3933 0.6067
3  2 	# rs6932040
 0.1461 0.8539
3  2 	# rs414830
 0.1461 0.8539
3  2 	# rs191833
 0.4326 0.5674
3  2 	# rs7774359
 0.1742 0.8258
3  2 	# rs9405272
 0.2022 0.7978
3  2 	# rs6937827
 0.3539 0.6461
3  2 	# rs9504439
 0.4326 0.5674
3  2 	# rs11962015
 0.0169 0.9831
3  2 	# rs4959341
 0.3933 0.6067
3  2 	# rs10484314
 0.4326 0.5674
3  2 	# rs12190311
 0.3315 0.6685
3  2 	# rs13210778
 0.1517 0.8483
3  2 	# rs6926774
 0.0899 0.9101
3  2 	# rs6911736
 0.0562 0.9438
3  2 	# rs9502340
 0.0562 0.9438
3  2 	# rs9504549
 0.3483 0.6517
3  2 	# rs6914546
 0.4326 0.5674
3  2 	# rs9504579
 0.0787 0.9213
3  2 	# rs9405884
 0.2247 0.7753
3  2 	# rs7745233
 0.1292 0.8708
3  2 	# rs582186
 0.3146 0.6854
3  2 	# rs667875
 0.4101 0.5899
3  2 	# rs2170618
 0.0955 0.9045
3  2 	# rs900401
 0.4551 0.5449
3  2 	# rs7774391
 0.3989 0.6011
3  2 	# rs3799558
 0.2697 0.7303
3  2 	# rs1742929
 0.1292 0.8708
3  2 	# rs6597197
 0.1573 0.8427
3  2 	# rs1267914
 0.4326 0.5674
3  2 	# rs2755416
 0.1404 0.8596
3  2 	# rs1267858
 0.3146 0.6854
3  2 	# rs6597199
 0.3483 0.6517
3  2 	# rs4960192
 0.4213 0.5787
3  2 	# rs4543420
 0.4270 0.5730
3  2 	# rs9379036
 0.1966 0.8034
3  2 	# rs11965794
 0.2191 0.7809
3  2 	# rs849057
 0.3258 0.6742
3  2 	# rs637096
 0.1404 0.8596
3  2 	# rs9328377
 0.2135 0.7865
3  2 	# rs2294460
 0.2753 0.7247
3  2 	# rs9504873
 0.2921 0.7079
3  2 	# rs3804490
 0.2697 0.7303
3  2 	# rs6924103
 0.2360 0.7640
3  2 	# rs201051
 0.4888 0.5112
3  2 	# rs2876028
 0.3034 0.6966
3  2 	# rs9502503
 0.1629 0.8371
3  2 	# rs1317392
 0.1517 0.8483
3  2 	# rs9502508
 0.0674 0.9326
3  2 	# rs4530912
 0.3090 0.6910
3  2 	# rs12660428
 0.2809 0.7191
3  2 	# rs6910011
 0.1854 0.8146
3  2 	# rs11967438
 0.0618 0.9382
3  2 	# rs10214475
 0.1404 0.8596
3  2 	# rs9392132
 0.3371 0.6629
3  2 	# rs2768990
 0.0337 0.9663
3  2 	# rs4960274
 0.1348 0.8652
3  2 	# rs7761644
 0.1180 0.8820
3  2 	# rs4960285
 0.3427 0.6573
3  2 	# rs6936076
 0.2191 0.7809
3  2 	# rs665723
 0.1011 0.8989
3  2 	# rs2256596
 0.1404 0.8596
3  2 	# rs1050226
 0.4831 0.5169
3  2 	# rs2876098
 0.1292 0.8708
3  2 	# rs6939137
 0.0618 0.9382
3  2 	# rs9406032
 0.2865 0.7135
3  2 	# rs2806167
 0.4157 0.5843
3  2 	# rs2076302
 0.1292 0.8708
3  2 	# rs12527897
 0.0506 0.9494
3  2 	# rs12197234
 0.2247 0.7753
3  2 	# rs4959451
 0.1292 0.8708
3  2 	# rs270404
 0.2135 0.7865
3  2 	# rs2326994
 0.0225 0.9775
3  2 	# rs1743635
 0.1124 0.8876
3  2 	# rs155487
 0.1966 0.8034
3  2 	# rs197123
 0.2135 0.7865
 0 0
 0.1  0.001703  0.000725  0.000813  0.000512  0.000855  0.003322  0.000538  0.000956  0.000887  0.001665  0.000610  0.000526  0.000596  0.000601  0.000767  0.000698  0.000631  0.000856  0.001013  0.000824  0.001440  0.000890  0.000511  0.000658  0.000824  0.001073  0.000539  0.001722  0.000548  0.000992  0.000510  0.001201  0.000833  0.003269  0.001055  0.000520  0.000546  0.001229  0.001191  0.000817  0.000722  0.001576  0.001597  0.000602  0.000502  0.000814  0.001566  0.001810  0.001732  0.001258  0.000567  0.000926  0.001364  0.000673  0.000785  0.001509  0.000506  0.000910  0.000710  0.000504  0.000570  0.001999  0.001559  0.000507  0.002106  0.000556  0.000642  0.001667  0.000516  0.002024  0.000795  0.001589  0.000648  0.000527  0.000595  0.000595  0.002517  0.000525  0.001062  0.003032  0.001039  0.003150  0.000587  0.000834  0.001075  0.000603  0.001664  0.000721  0.000530  0.001082  0.000751  0.000527  0.000626  0.001260  0.002439  0.000567  0.000551  0.000901  0.002141  0.000665  0.000525  0.000601  0.000577  0.000606  0.002021  0.000864  0.000518  0.000522  0.000911  0.000564  0.002318  0.001516  0.000740  0.001574  0.001458  0.003578  0.000593  0.000725  0.000757  0.000822  0.002110  0.000753  0.000802  0.000709  0.000919  0.000602  0.001330  0.000504  0.001620  0.001341  0.000617  0.000553  0.000664  0.001627  0.000811  0.000822  0.000588  0.000905  0.002343  0.001064  0.000560  0.002897  0.000589  0.000740  0.000552  0.000511  0.000676  0.000620  0.001053  0.000895  0.000620  0.001656  0.001185  0.000728  0.000931  0.000531  0.000803  0.000504  0.000867  0.000648  0.000700  0.000620  0.000610  0.000782  0.000728  0.000703  0.001248  0.000593  0.001443  0.001171  0.000896  0.000572  0.002034  0.000545  0.000525  0.000568  0.001880  0.000515  0.001131  0.000854  0.000513  0.000843  0.000675  0.000516  0.000587  0.000543  0.001860  0.000534  0.000889  0.000522  0.000531  0.000966  0.000786  0.001013  0.000860  0.000824  0.000568  0.001371  0.000955
 1      2.0  1.0
