201 0 0 5
 0 0.0 0.0 0 
 1 2 3 4 5 6 7 8 9 10 11 12 13 14 15 16 17 18 19 20 21 22 23 24 25 26 27 28 29 30 31 32 33 34 35 36 37 38 39 40 41 42 43 44 45 46 47 48 49 50 51 52 53 54 55 56 57 58 59 60 61 62 63 64 65 66 67 68 69 70 71 72 73 74 75 76 77 78 79 80 81 82 83 84 85 86 87 88 89 90 91 92 93 94 95 96 97 98 99 100 101 102 103 104 105 106 107 108 109 110 111 112 113 114 115 116 117 118 119 120 121 122 123 124 125 126 127 128 129 130 131 132 133 134 135 136 137 138 139 140 141 142 143 144 145 146 147 148 149 150 151 152 153 154 155 156 157 158 159 160 161 162 163 164 165 166 167 168 169 170 171 172 173 174 175 176 177 178 179 180 181 182 183 184 185 186 187 188 189 190 191 192 193 194 195 196 197 198 199 200 201
1  2 	# TRAIT
 0.9999 0.0001
 1
 0.000 0.000 1.000
3  2 	# rs11964747
 0.0562 0.9438
3  2 	# rs6904566
 0.0169 0.9831
3  2 	# rs7756992
 0.4719 0.5281
3  2 	# rs9465874
 0.0730 0.9270
3  2 	# rs7775523
 0.2921 0.7079
3  2 	# rs201301
 0.1910 0.8090
3  2 	# rs9358391
 0.2584 0.7416
3  2 	# rs9465991
 0.2584 0.7416
3  2 	# rs4710966
 0.4663 0.5337
3  2 	# rs12202180
 0.2135 0.7865
3  2 	# rs807846
 0.1461 0.8539
3  2 	# rs12192730
 0.3258 0.6742
3  2 	# rs6920208
 0.3820 0.6180
3  2 	# rs6904446
 0.3483 0.6517
3  2 	# rs4236005
 0.1236 0.8764
3  2 	# rs1744867
 0.2865 0.7135
3  2 	# rs1555529
 0.3933 0.6067
3  2 	# rs9358448
 0.3596 0.6404
3  2 	# rs17198823
 0.0955 0.9045
3  2 	# rs4712642
 0.2416 0.7584
3  2 	# rs12524124
 0.3876 0.6124
3  2 	# rs13212670
 0.3933 0.6067
3  2 	# rs11755535
 0.1517 0.8483
3  2 	# rs867863
 0.2753 0.7247
3  2 	# rs610499
 0.1854 0.8146
3  2 	# rs196038
 0.0899 0.9101
3  2 	# rs9466269
 0.1404 0.8596
3  2 	# rs4712661
 0.4382 0.5618
3  2 	# rs7749084
 0.0674 0.9326
3  2 	# rs9368429
 0.3764 0.6236
3  2 	# rs16885931
 0.3820 0.6180
3  2 	# rs2066266
 0.0843 0.9157
3  2 	# rs1205960
 0.0506 0.9494
3  2 	# rs2744143
 0.0506 0.9494
3  2 	# rs10456256
 0.0618 0.9382
3  2 	# rs9460748
 0.0056 0.9944
3  2 	# rs6934462
 0.3090 0.6910
3  2 	# rs11752967
 0.1404 0.8596
3  2 	# rs7752736
 0.4213 0.5787
3  2 	# rs4510658
 0.2303 0.7697
3  2 	# rs1018401
 0.3258 0.6742
3  2 	# rs2254032
 0.2584 0.7416
3  2 	# rs4712728
 0.2640 0.7360
3  2 	# rs13214549
 0.0449 0.9551
3  2 	# rs13200541
 0.2809 0.7191
3  2 	# rs9393377
 0.3427 0.6573
3  2 	# rs7763770
 0.1573 0.8427
3  2 	# rs9379482
 0.0730 0.9270
3  2 	# rs7774358
 0.2135 0.7865
3  2 	# rs9348557
 0.1685 0.8315
3  2 	# rs9460868
 0.1067 0.8933
3  2 	# rs6932335
 0.1966 0.8034
3  2 	# rs943068
 0.3258 0.6742
3  2 	# rs926453
 0.3427 0.6573
3  2 	# rs199055
 0.2135 0.7865
3  2 	# rs199107
 0.3483 0.6517
3  2 	# rs197951
 0.0393 0.9607
3  2 	# rs197979
 0.2528 0.7472
3  2 	# rs197999
 0.2472 0.7528
3  2 	# rs7742637
 0.1292 0.8708
3  2 	# rs766978
 0.4438 0.5562
3  2 	# rs9348611
 0.0562 0.9438
3  2 	# rs474833
 0.3371 0.6629
3  2 	# rs528715
 0.4101 0.5899
3  2 	# rs573863
 0.0337 0.9663
3  2 	# rs17529740
 0.2360 0.7640
3  2 	# rs6933683
 0.1292 0.8708
3  2 	# rs6924184
 0.3652 0.6348
3  2 	# rs793839
 0.4775 0.5225
3  2 	# rs12192603
 0.2472 0.7528
3  2 	# rs1772253
 0.1854 0.8146
3  2 	# rs2328824
 0.3764 0.6236
3  2 	# rs12193738
 0.1685 0.8315
3  2 	# rs4576240
 0.0281 0.9719
3  2 	# rs1061925
 0.0674 0.9326
3  2 	# rs9358796
 0.3483 0.6517
3  2 	# rs9379692
 0.1236 0.8764
3  2 	# rs4437459
 0.3090 0.6910
3  2 	# rs606162
 0.0056 0.9944
3  2 	# rs396599
 0.0337 0.9663
3  2 	# rs303898
 0.4213 0.5787
3  2 	# rs6941417
 0.1685 0.8315
3  2 	# rs13198274
 0.1124 0.8876
3  2 	# rs769108
 0.2753 0.7247
3  2 	# rs16890377
 0.1966 0.8034
3  2 	# rs2206194
 0.4607 0.5393
3  2 	# rs6912426
 0.2472 0.7528
3  2 	# rs9461167
 0.2079 0.7921
3  2 	# rs301395
 0.4270 0.5730
3  2 	# rs7765813
 0.0562 0.9438
3  2 	# rs4409177
 0.1180 0.8820
3  2 	# rs9393672
 0.1798 0.8202
3  2 	# rs2237231
 0.4432 0.5568
3  2 	# rs9379827
 0.1124 0.8876
3  2 	# rs7773004
 0.1573 0.8427
3  2 	# rs9461245
 0.0112 0.9888
3  2 	# rs12205310
 0.0281 0.9719
3  2 	# rs858972
 0.2865 0.7135
3  2 	# rs2235232
 0.4494 0.5506
3  2 	# rs9295750
 0.0730 0.9270
3  2 	# rs1150704
 0.3427 0.6573
3  2 	# rs2859356
 0.4831 0.5169
3  2 	# rs1233602
 0.3146 0.6854
3  2 	# rs720831
 0.3315 0.6685
3  2 	# rs1362073
 0.3034 0.6966
3  2 	# rs388234
 0.4326 0.5674
3  2 	# rs3131854
 0.1854 0.8146
3  2 	# rs2735048
 0.3202 0.6798
3  2 	# rs9258631
 0.0562 0.9438
3  2 	# rs2735085
 0.1629 0.8371
3  2 	# rs4313034
 0.2416 0.7584
3  2 	# rs3132123
 0.1742 0.8258
3  2 	# rs3132659
 0.0674 0.9326
3  2 	# rs1264551
 0.1461 0.8539
3  2 	# rs1264423
 0.4830 0.5170
3  2 	# rs2394401
 0.1404 0.8596
3  2 	# rs2517580
 0.1461 0.8539
3  2 	# rs9368649
 0.2303 0.7697
3  2 	# rs6457300
 0.3539 0.6461
3  2 	# rs6917517
 0.1629 0.8371
3  2 	# rs3094663
 0.3596 0.6404
3  2 	# rs6928399
 0.3090 0.6910
3  2 	# rs9394047
 0.1461 0.8539
3  2 	# rs3873386
 0.3483 0.6517
3  2 	# rs2844571
 0.1011 0.8989
3  2 	# rs1051794
 0.2753 0.7247
3  2 	# rs2596449
 0.1517 0.8483
3  2 	# rs2239709
 0.1292 0.8708
3  2 	# rs2857697
 0.3989 0.6011
3  2 	# rs9267677
 0.0562 0.9438
3  2 	# rs3134608
 0.0337 0.9663
3  2 	# rs9378123
 0.2472 0.7528
3  2 	# rs2894239
 0.4944 0.5056
3  2 	# rs9268403
 0.1236 0.8764
3  2 	# rs3129868
 0.1404 0.8596
3  2 	# rs9270986
 0.1629 0.8371
3  2 	# rs6457617
 0.4494 0.5506
3  2 	# rs6935940
 0.3077 0.6923
3  2 	# rs9276644
 0.2135 0.7865
3  2 	# rs3819715
 0.3876 0.6124
3  2 	# rs6457688
 0.0449 0.9551
3  2 	# rs154972
 0.0730 0.9270
3  2 	# rs23544
 0.4438 0.5562
3  2 	# rs2395300
 0.4270 0.5730
3  2 	# rs9277027
 0.3652 0.6348
3  2 	# rs422544
 0.3034 0.6966
3  2 	# rs2395349
 0.2978 0.7022
3  2 	# rs1003979
 0.1292 0.8708
3  2 	# rs457565
 0.3764 0.6236
3  2 	# rs7748370
 0.0674 0.9326
3  2 	# rs420361
 0.1629 0.8371
3  2 	# rs6935686
 0.4438 0.5562
3  2 	# rs11759011
 0.1124 0.8876
3  2 	# rs1535948
 0.3427 0.6573
3  2 	# rs9296100
 0.4157 0.5843
3  2 	# rs6926872
 0.4205 0.5795
3  2 	# rs9394178
 0.1742 0.8258
3  2 	# rs9394180
 0.3989 0.6011
3  2 	# rs4713731
 0.2865 0.7135
3  2 	# rs9469670
 0.2640 0.7360
3  2 	# rs2499689
 0.0955 0.9045
3  2 	# rs1109654
 0.4944 0.5056
3  2 	# rs7742369
 0.1236 0.8764
3  2 	# rs10947494
 0.2640 0.7360
3  2 	# rs9394222
 0.2557 0.7443
3  2 	# rs3800471
 0.1067 0.8933
3  2 	# rs4713813
 0.4326 0.5674
3  2 	# rs2744963
 0.2416 0.7584
3  2 	# rs2820229
 0.3371 0.6629
3  2 	# rs1040436
 0.2247 0.7753
3  2 	# rs7744287
 0.3652 0.6348
3  2 	# rs1075092
 0.3596 0.6404
3  2 	# rs7753322
 0.2865 0.7135
3  2 	# rs9296168
 0.2135 0.7865
3  2 	# rs11965835
 0.0955 0.9045
3  2 	# rs1059227
 0.0506 0.9494
3  2 	# rs9368920
 0.2978 0.7022
3  2 	# rs9470247
 0.0056 0.9944
3  2 	# rs4713956
 0.4888 0.5112
3  2 	# rs1555429
 0.4382 0.5618
3  2 	# rs2234071
 0.3539 0.6461
3  2 	# rs1321313
 0.1236 0.8764
3  2 	# rs6457940
 0.2472 0.7528
3  2 	# rs9470387
 0.2416 0.7584
3  2 	# rs9296197
 0.2191 0.7809
3  2 	# rs1632649
 0.2921 0.7079
3  2 	# rs707542
 0.4775 0.5225
3  2 	# rs16868759
 0.1629 0.8371
3  2 	# rs4714032
 0.4888 0.5112
3  2 	# rs831486
 0.4831 0.5169
3  2 	# rs9296211
 0.1348 0.8652
3  2 	# rs9380645
 0.1124 0.8876
3  2 	# rs262908
 0.1292 0.8708
3  2 	# rs16889502
 0.2022 0.7978
3  2 	# rs9470540
 0.0618 0.9382
3  2 	# rs2269058
 0.3708 0.6292
3  2 	# rs2173314
 0.1685 0.8315
3  2 	# rs17636328
 0.1798 0.8202
3  2 	# rs11755405
 0.2978 0.7022
3  2 	# rs9394437
 0.3202 0.6798
 0 0
 0.1  0.000640  0.000552  0.000618  0.000733  0.000507  0.000731  0.001114  0.000525  0.000872  0.002092  0.000602  0.000621  0.000544  0.002476  0.000531  0.001789  0.000501  0.001498  0.000564  0.000521  0.000554  0.000641  0.000529  0.002088  0.001721  0.000697  0.002107  0.001555  0.000713  0.000700  0.000762  0.000955  0.000507  0.000522  0.000685  0.000564  0.000534  0.000562  0.000846  0.000573  0.000506  0.000640  0.000599  0.000662  0.000727  0.000678  0.000521  0.001024  0.000643  0.000571  0.002200  0.002055  0.000660  0.000522  0.001314  0.000542  0.000532  0.001594  0.000801  0.004644  0.000531  0.001649  0.001004  0.000982  0.001357  0.001239  0.000753  0.000581  0.000696  0.000706  0.000530  0.000513  0.001452  0.000600  0.000619  0.000593  0.000946  0.000540  0.001618  0.001653  0.000676  0.000726  0.000568  0.000545  0.000794  0.000616  0.001431  0.000876  0.000510  0.000958  0.000503  0.000514  0.000625  0.000632  0.001182  0.000538  0.000529  0.000562  0.000571  0.000518  0.000558  0.000519  0.000558  0.000523  0.000608  0.000549  0.000586  0.000573  0.001236  0.000504  0.000582  0.000517  0.000502  0.000552  0.000605  0.001229  0.000605  0.000500  0.000512  0.000576  0.000506  0.000518  0.000788  0.000863  0.000568  0.000799  0.000500  0.001096  0.000574  0.000554  0.000846  0.000520  0.000527  0.000510  0.000510  0.000761  0.000775  0.000713  0.000549  0.000595  0.001066  0.000546  0.001720  0.000824  0.001071  0.000595  0.000526  0.000661  0.000531  0.000606  0.000523  0.000552  0.000742  0.001189  0.000747  0.001432  0.001957  0.000533  0.003052  0.000579  0.000513  0.001667  0.000621  0.000518  0.000527  0.000608  0.000752  0.000656  0.000551  0.001196  0.001108  0.000601  0.000806  0.000511  0.000737  0.001317  0.000501  0.000615  0.001408  0.002035  0.001304  0.000510  0.000520  0.002959  0.000530  0.001286  0.000725  0.000952  0.000556  0.000546  0.000948  0.000705  0.000597  0.000521  0.001553  0.000750  0.000545  0.000529  0.000558
 1      2.0  1.0
