201 0 0 5
 0 0.0 0.0 0 
 1 2 3 4 5 6 7 8 9 10 11 12 13 14 15 16 17 18 19 20 21 22 23 24 25 26 27 28 29 30 31 32 33 34 35 36 37 38 39 40 41 42 43 44 45 46 47 48 49 50 51 52 53 54 55 56 57 58 59 60 61 62 63 64 65 66 67 68 69 70 71 72 73 74 75 76 77 78 79 80 81 82 83 84 85 86 87 88 89 90 91 92 93 94 95 96 97 98 99 100 101 102 103 104 105 106 107 108 109 110 111 112 113 114 115 116 117 118 119 120 121 122 123 124 125 126 127 128 129 130 131 132 133 134 135 136 137 138 139 140 141 142 143 144 145 146 147 148 149 150 151 152 153 154 155 156 157 158 159 160 161 162 163 164 165 166 167 168 169 170 171 172 173 174 175 176 177 178 179 180 181 182 183 184 185 186 187 188 189 190 191 192 193 194 195 196 197 198 199 200 201
1  2 	# TRAIT
 0.9999 0.0001
 1
 0.000 0.000 1.000
3  2 	# rs6570234
 0.1180 0.8820
3  2 	# rs4895527
 0.3427 0.6573
3  2 	# rs4896370
 0.4545 0.5455
3  2 	# rs9389586
 0.3989 0.6011
3  2 	# rs6570242
 0.4831 0.5169
3  2 	# rs9495144
 0.0506 0.9494
3  2 	# rs4896381
 0.0955 0.9045
3  2 	# rs10457675
 0.1124 0.8876
3  2 	# rs911081
 0.1180 0.8820
3  2 	# rs9399258
 0.4944 0.5056
3  2 	# rs6933108
 0.2303 0.7697
3  2 	# rs9403023
 0.2528 0.7472
3  2 	# rs6918066
 0.1067 0.8933
3  2 	# rs10872502
 0.2978 0.7022
3  2 	# rs17304375
 0.2191 0.7809
3  2 	# rs7770356
 0.2472 0.7528
3  2 	# rs9321711
 0.0056 0.9944
3  2 	# rs9376406
 0.4270 0.5730
3  2 	# rs4243461
 0.3483 0.6517
3  2 	# rs9373237
 0.4213 0.5787
3  2 	# rs2058472
 0.0056 0.9944
3  2 	# rs7766444
 0.2697 0.7303
3  2 	# rs7759066
 0.1404 0.8596
3  2 	# rs2057034
 0.2135 0.7865
3  2 	# rs1936211
 0.4607 0.5393
3  2 	# rs9403101
 0.1966 0.8034
3  2 	# rs6570376
 0.3989 0.6011
3  2 	# rs1028471
 0.1404 0.8596
3  2 	# rs9321772
 0.3652 0.6348
3  2 	# rs1856384
 0.1966 0.8034
3  2 	# rs4385332
 0.4326 0.5674
3  2 	# rs9376609
 0.2022 0.7978
3  2 	# rs13201721
 0.3146 0.6854
3  2 	# rs6913816
 0.1348 0.8652
3  2 	# rs7758295
 0.2416 0.7584
3  2 	# rs9385984
 0.3146 0.6854
3  2 	# rs7765914
 0.2303 0.7697
3  2 	# rs9376683
 0.4551 0.5449
3  2 	# rs9403384
 0.2360 0.7640
3  2 	# rs263156
 0.2303 0.7697
3  2 	# rs9496445
 0.1517 0.8483
3  2 	# rs197508
 0.4831 0.5169
3  2 	# rs12205042
 0.0618 0.9382
3  2 	# rs2095369
 0.4888 0.5112
3  2 	# rs1041654
 0.0506 0.9494
3  2 	# rs199248
 0.0056 0.9944
3  2 	# rs7774011
 0.3989 0.6011
3  2 	# rs3804528
 0.3371 0.6629
3  2 	# rs7740214
 0.2978 0.7022
3  2 	# rs1570350
 0.1348 0.8652
3  2 	# rs9376748
 0.1798 0.8202
3  2 	# rs1038390
 0.1629 0.8371
3  2 	# rs7745861
 0.1685 0.8315
3  2 	# rs9403515
 0.4663 0.5337
3  2 	# rs9403523
 0.3258 0.6742
3  2 	# rs1015341
 0.4045 0.5955
3  2 	# rs9403527
 0.2640 0.7360
3  2 	# rs7742964
 0.3258 0.6742
3  2 	# rs12197107
 0.2809 0.7191
3  2 	# rs9403539
 0.0057 0.9943
3  2 	# rs9321951
 0.3764 0.6236
3  2 	# rs6929066
 0.1854 0.8146
3  2 	# rs12208207
 0.1348 0.8652
3  2 	# rs4896703
 0.2865 0.7135
3  2 	# rs4896706
 0.3371 0.6629
3  2 	# rs636408
 0.2584 0.7416
3  2 	# rs6904422
 0.3427 0.6573
3  2 	# rs4895642
 0.4607 0.5393
3  2 	# rs9496982
 0.1629 0.8371
3  2 	# rs10434890
 0.3539 0.6461
3  2 	# rs9321987
 0.3202 0.6798
3  2 	# rs2297846
 0.4382 0.5618
3  2 	# rs2050719
 0.3933 0.6067
3  2 	# rs6913592
 0.3876 0.6124
3  2 	# rs649933
 0.1461 0.8539
3  2 	# rs7768714
 0.3523 0.6477
3  2 	# rs2038473
 0.1910 0.8090
3  2 	# rs581129
 0.4551 0.5449
3  2 	# rs6910793
 0.0787 0.9213
3  2 	# rs4896857
 0.0955 0.9045
3  2 	# rs56566
 0.1966 0.8034
3  2 	# rs362856
 0.3315 0.6685
3  2 	# rs9497566
 0.3652 0.6348
3  2 	# rs9386161
 0.3989 0.6011
3  2 	# rs973572
 0.5000 0.5000
3  2 	# rs6911012
 0.3371 0.6629
3  2 	# rs9377026
 0.3258 0.6742
3  2 	# rs17551120
 0.0562 0.9438
3  2 	# rs12665649
 0.0449 0.9551
3  2 	# rs9485147
 0.0618 0.9382
3  2 	# rs649544
 0.2809 0.7191
3  2 	# rs642527
 0.3090 0.6910
3  2 	# rs634753
 0.4713 0.5287
3  2 	# rs9403860
 0.3483 0.6517
3  2 	# rs844569
 0.3764 0.6236
3  2 	# rs6935781
 0.2865 0.7135
3  2 	# rs9390491
 0.4719 0.5281
3  2 	# rs6914269
 0.5000 0.5000
3  2 	# rs7755031
 0.0056 0.9944
3  2 	# rs3861426
 0.0955 0.9045
3  2 	# rs6904457
 0.2865 0.7135
3  2 	# rs1404484
 0.4157 0.5843
3  2 	# rs7765680
 0.2697 0.7303
3  2 	# rs6920454
 0.4438 0.5562
3  2 	# rs9390549
 0.4494 0.5506
3  2 	# rs6918668
 0.2022 0.7978
3  2 	# rs4537167
 0.4888 0.5112
3  2 	# rs17635342
 0.0955 0.9045
3  2 	# rs9322150
 0.4775 0.5225
3  2 	# rs1883625
 0.1067 0.8933
3  2 	# rs11751252
 0.0449 0.9551
3  2 	# rs8641
 0.3258 0.6742
3  2 	# rs208699
 0.2022 0.7978
3  2 	# rs1570363
 0.4831 0.5169
3  2 	# rs7356870
 0.1629 0.8371
3  2 	# rs9498147
 0.4663 0.5337
3  2 	# rs9390610
 0.3427 0.6573
3  2 	# rs900475
 0.0169 0.9831
3  2 	# rs9485337
 0.0618 0.9382
3  2 	# rs12192351
 0.0955 0.9045
3  2 	# rs11155607
 0.2809 0.7191
3  2 	# rs9386240
 0.2978 0.7022
3  2 	# rs2500548
 0.2753 0.7247
3  2 	# rs7761698
 0.1685 0.8315
3  2 	# rs7766009
 0.4719 0.5281
3  2 	# rs4897097
 0.2416 0.7584
3  2 	# rs610707
 0.4157 0.5843
3  2 	# rs2179367
 0.2978 0.7022
3  2 	# rs4897127
 0.2809 0.7191
3  2 	# rs6925151
 0.3034 0.6966
3  2 	# rs9479184
 0.3427 0.6573
3  2 	# rs4870174
 0.2809 0.7191
3  2 	# rs9383633
 0.2472 0.7528
3  2 	# rs789830
 0.3820 0.6180
3  2 	# rs7743003
 0.2247 0.7753
3  2 	# rs6557340
 0.1011 0.8989
3  2 	# rs9397722
 0.3315 0.6685
3  2 	# rs926930
 0.1573 0.8427
3  2 	# rs12212378
 0.3034 0.6966
3  2 	# rs9397821
 0.2416 0.7584
3  2 	# rs1890522
 0.2753 0.7247
3  2 	# rs688015
 0.2416 0.7584
3  2 	# rs671675
 0.2360 0.7640
3  2 	# rs652800
 0.0562 0.9438
3  2 	# rs7751747
 0.0225 0.9775
3  2 	# rs9480467
 0.2753 0.7247
3  2 	# rs1492576
 0.3146 0.6854
3  2 	# rs6904488
 0.2584 0.7416
3  2 	# rs6557548
 0.1461 0.8539
3  2 	# rs7738394
 0.3258 0.6742
3  2 	# rs4449641
 0.4888 0.5112
3  2 	# rs13198996
 0.3090 0.6910
3  2 	# rs9383848
 0.2247 0.7753
3  2 	# rs712213
 0.2135 0.7865
3  2 	# rs6917461
 0.4494 0.5506
3  2 	# rs2073063
 0.4382 0.5618
3  2 	# rs803420
 0.1180 0.8820
3  2 	# rs1474787
 0.0169 0.9831
3  2 	# rs803470
 0.0449 0.9551
3  2 	# rs505358
 0.4326 0.5674
3  2 	# rs6914261
 0.3708 0.6292
3  2 	# rs4869988
 0.3371 0.6629
3  2 	# rs6924562
 0.2472 0.7528
3  2 	# rs1535831
 0.3146 0.6854
3  2 	# rs6557123
 0.2135 0.7865
3  2 	# rs9383562
 0.1966 0.8034
3  2 	# rs2294794
 0.0787 0.9213
3  2 	# rs12210237
 0.3539 0.6461
3  2 	# rs222575
 0.3483 0.6517
3  2 	# rs6904364
 0.3539 0.6461
3  2 	# rs17054385
 0.4944 0.5056
3  2 	# rs9397433
 0.4663 0.5337
3  2 	# rs7752591
 0.3933 0.6067
3  2 	# rs3020333
 0.2247 0.7753
3  2 	# rs1285057
 0.2472 0.7528
3  2 	# rs17081685
 0.2978 0.7022
3  2 	# rs11155819
 0.1966 0.8034
3  2 	# rs6912184
 0.4888 0.5112
3  2 	# rs9340944
 0.0730 0.9270
3  2 	# rs2813544
 0.1742 0.8258
3  2 	# rs9397085
 0.4045 0.5955
3  2 	# rs2813497
 0.0899 0.9101
3  2 	# rs6900213
 0.2247 0.7753
3  2 	# rs9397493
 0.2191 0.7809
3  2 	# rs1951925
 0.2921 0.7079
3  2 	# rs9397095
 0.4551 0.5449
3  2 	# rs9478320
 0.4157 0.5843
3  2 	# rs9942542
 0.2247 0.7753
3  2 	# rs9383626
 0.4944 0.5056
3  2 	# rs1028651
 0.2416 0.7584
3  2 	# rs680314
 0.2584 0.7416
3  2 	# rs612400
 0.0056 0.9944
3  2 	# rs13205491
 0.0674 0.9326
3  2 	# rs874302
 0.2416 0.7584
3  2 	# rs1292829
 0.2022 0.7978
3  2 	# rs1281958
 0.0618 0.9382
3  2 	# rs12663474
 0.0955 0.9045
3  2 	# rs6929221
 0.2865 0.7135
3  2 	# rs9397597
 0.3933 0.6067
3  2 	# rs2185276
 0.2584 0.7416
 0 0
 0.1  0.000747  0.002004  0.000876  0.000532  0.000548  0.001119  0.001118  0.000557  0.000698  0.000572  0.000577  0.000785  0.000632  0.000759  0.001733  0.001661  0.000798  0.003544  0.002608  0.000533  0.000779  0.000968  0.000575  0.000571  0.000515  0.000588  0.000500  0.000504  0.000507  0.000551  0.000504  0.000519  0.000857  0.000748  0.002420  0.000524  0.000973  0.001168  0.001303  0.001267  0.001757  0.001113  0.000597  0.000521  0.000613  0.000849  0.000554  0.000896  0.000503  0.002352  0.000558  0.000542  0.000531  0.000517  0.000677  0.001073  0.000896  0.000780  0.000523  0.001613  0.000596  0.000681  0.000646  0.000842  0.001539  0.000511  0.000710  0.003187  0.000507  0.000614  0.000511  0.000574  0.001146  0.000559  0.001372  0.000512  0.000521  0.000825  0.000622  0.001072  0.000519  0.000538  0.000649  0.000812  0.001703  0.001149  0.000578  0.000850  0.000547  0.000866  0.000678  0.000579  0.002474  0.000523  0.000500  0.000700  0.000948  0.000554  0.001774  0.000611  0.000506  0.001118  0.001655  0.001188  0.000802  0.000955  0.000799  0.001232  0.001119  0.001079  0.001292  0.000867  0.002370  0.000607  0.001013  0.001205  0.000617  0.001432  0.001764  0.000902  0.001370  0.000517  0.000571  0.000550  0.000529  0.001071  0.000559  0.000539  0.000878  0.001002  0.000611  0.000618  0.000548  0.000585  0.000620  0.000875  0.001368  0.000787  0.000527  0.002399  0.000526  0.000560  0.001398  0.000650  0.000521  0.000650  0.000662  0.000531  0.000857  0.000536  0.000513  0.000572  0.001330  0.000534  0.001229  0.001426  0.002387  0.000500  0.001408  0.000827  0.001284  0.000541  0.001365  0.001344  0.000521  0.001005  0.001357  0.001417  0.000576  0.000533  0.000860  0.000510  0.000966  0.000882  0.000869  0.000626  0.000548  0.000885  0.002028  0.001503  0.001854  0.000777  0.002090  0.000529  0.001106  0.000515  0.000855  0.000930  0.000501  0.000508  0.001765  0.001047  0.000528  0.000785  0.000566  0.000631  0.000847  0.000523  0.001411
 1      2.0  1.0
