201 0 0 5
 0 0.0 0.0 0 
 1 2 3 4 5 6 7 8 9 10 11 12 13 14 15 16 17 18 19 20 21 22 23 24 25 26 27 28 29 30 31 32 33 34 35 36 37 38 39 40 41 42 43 44 45 46 47 48 49 50 51 52 53 54 55 56 57 58 59 60 61 62 63 64 65 66 67 68 69 70 71 72 73 74 75 76 77 78 79 80 81 82 83 84 85 86 87 88 89 90 91 92 93 94 95 96 97 98 99 100 101 102 103 104 105 106 107 108 109 110 111 112 113 114 115 116 117 118 119 120 121 122 123 124 125 126 127 128 129 130 131 132 133 134 135 136 137 138 139 140 141 142 143 144 145 146 147 148 149 150 151 152 153 154 155 156 157 158 159 160 161 162 163 164 165 166 167 168 169 170 171 172 173 174 175 176 177 178 179 180 181 182 183 184 185 186 187 188 189 190 191 192 193 194 195 196 197 198 199 200 201
1  2 	# TRAIT
 0.9999 0.0001
 1
 0.000 0.000 1.000
3  2 	# rs9394437
 0.3202 0.6798
3  2 	# rs2894413
 0.2079 0.7921
3  2 	# rs9380691
 0.1573 0.8427
3  2 	# rs6926735
 0.3708 0.6292
3  2 	# rs6925749
 0.1966 0.8034
3  2 	# rs876796
 0.0955 0.9045
3  2 	# rs742787
 0.4663 0.5337
3  2 	# rs10456457
 0.1348 0.8652
3  2 	# rs7776025
 0.0393 0.9607
3  2 	# rs12215707
 0.1517 0.8483
3  2 	# rs9394492
 0.1292 0.8708
3  2 	# rs12525647
 0.3315 0.6685
3  2 	# rs1623375
 0.1067 0.8933
3  2 	# rs1678677
 0.4551 0.5449
3  2 	# rs9349103
 0.1989 0.8011
3  2 	# rs10947767
 0.1236 0.8764
3  2 	# rs7341356
 0.4663 0.5337
3  2 	# rs4254984
 0.2360 0.7640
3  2 	# rs7773754
 0.1854 0.8146
3  2 	# rs751933
 0.2247 0.7753
3  2 	# rs6458102
 0.3539 0.6461
3  2 	# rs1651106
 0.2921 0.7079
3  2 	# rs2395718
 0.2753 0.7247
3  2 	# rs11756091
 0.4101 0.5899
3  2 	# rs6458110
 0.2022 0.7978
3  2 	# rs9471076
 0.2247 0.7753
3  2 	# rs6899860
 0.4270 0.5730
3  2 	# rs9394591
 0.2416 0.7584
3  2 	# rs9471112
 0.0393 0.9607
3  2 	# rs303678
 0.0169 0.9831
3  2 	# rs417096
 0.2697 0.7303
3  2 	# rs6937133
 0.2921 0.7079
3  2 	# rs9462580
 0.4213 0.5787
3  2 	# rs2475506
 0.3315 0.6685
3  2 	# rs3008833
 0.4438 0.5562
3  2 	# rs7746227
 0.4494 0.5506
3  2 	# rs9471290
 0.4438 0.5562
3  2 	# rs10498748
 0.0281 0.9719
3  2 	# rs12664614
 0.0618 0.9382
3  2 	# rs1433734
 0.1685 0.8315
3  2 	# rs9394699
 0.2247 0.7753
3  2 	# rs1433742
 0.2303 0.7697
3  2 	# rs9369215
 0.4438 0.5562
3  2 	# rs7765378
 0.3764 0.6236
3  2 	# rs7752740
 0.1798 0.8202
3  2 	# rs9369228
 0.1854 0.8146
3  2 	# rs9367079
 0.4157 0.5843
3  2 	# rs962390
 0.2472 0.7528
3  2 	# rs9394740
 0.0618 0.9382
3  2 	# rs7746902
 0.3933 0.6067
3  2 	# rs714051
 0.4607 0.5393
3  2 	# rs6915083
 0.3483 0.6517
3  2 	# rs3807040
 0.0449 0.9551
3  2 	# rs2234246
 0.2697 0.7303
3  2 	# rs9367104
 0.4326 0.5674
3  2 	# rs6922617
 0.2191 0.7809
3  2 	# rs9357360
 0.1348 0.8652
3  2 	# rs596917
 0.3820 0.6180
3  2 	# rs766389
 0.3596 0.6404
3  2 	# rs12527287
 0.0843 0.9157
3  2 	# rs2496639
 0.0787 0.9213
3  2 	# rs7742368
 0.3202 0.6798
3  2 	# rs2495239
 0.4213 0.5787
3  2 	# rs2395779
 0.3539 0.6461
3  2 	# rs1028818
 0.3920 0.6080
3  2 	# rs3789208
 0.3989 0.6011
3  2 	# rs1474762
 0.3933 0.6067
3  2 	# rs1011100
 0.2921 0.7079
3  2 	# rs7756525
 0.1404 0.8596
3  2 	# rs6912200
 0.4494 0.5506
3  2 	# rs9394831
 0.2416 0.7584
3  2 	# rs6921368
 0.2247 0.7753
3  2 	# rs4554318
 0.2022 0.7978
3  2 	# rs2492927
 0.0730 0.9270
3  2 	# rs7749023
 0.2022 0.7978
3  2 	# rs9471779
 0.1180 0.8820
3  2 	# rs17702178
 0.0449 0.9551
3  2 	# rs2492942
 0.0955 0.9045
3  2 	# rs6899392
 0.0056 0.9944
3  2 	# rs9349222
 0.2079 0.7921
3  2 	# rs9471815
 0.1517 0.8483
3  2 	# rs3800289
 0.0618 0.9382
3  2 	# rs9471831
 0.3596 0.6404
3  2 	# rs4711717
 0.3539 0.6461
3  2 	# rs550668
 0.3596 0.6404
3  2 	# rs1038890
 0.4944 0.5056
3  2 	# rs7768349
 0.4888 0.5112
3  2 	# rs6906363
 0.2978 0.7022
3  2 	# rs12210447
 0.1629 0.8371
3  2 	# rs2894478
 0.4494 0.5506
3  2 	# rs7764865
 0.1180 0.8820
3  2 	# rs4714652
 0.1761 0.8239
3  2 	# rs2841639
 0.3258 0.6742
3  2 	# rs4714674
 0.4382 0.5618
3  2 	# rs2254303
 0.3090 0.6910
3  2 	# rs9472064
 0.4045 0.5955
3  2 	# rs16869037
 0.2416 0.7584
3  2 	# rs9472114
 0.4045 0.5955
3  2 	# rs699946
 0.4382 0.5618
3  2 	# rs6900017
 0.2416 0.7584
3  2 	# rs4507587
 0.1573 0.8427
3  2 	# rs6458350
 0.1742 0.8258
3  2 	# rs881858
 0.1573 0.8427
3  2 	# rs2148251
 0.1404 0.8596
3  2 	# rs9369430
 0.5000 0.5000
3  2 	# rs1003167
 0.3933 0.6067
3  2 	# rs1776721
 0.3315 0.6685
3  2 	# rs865585
 0.2753 0.7247
3  2 	# rs9472158
 0.4494 0.5506
3  2 	# rs9472173
 0.4045 0.5955
3  2 	# rs4714724
 0.0955 0.9045
3  2 	# rs1631662
 0.0562 0.9438
3  2 	# rs3734693
 0.3876 0.6124
3  2 	# rs4711760
 0.1011 0.8989
3  2 	# rs9472201
 0.1742 0.8258
3  2 	# rs833810
 0.2584 0.7416
3  2 	# rs6458368
 0.2191 0.7809
3  2 	# rs3757272
 0.2809 0.7191
3  2 	# rs6925778
 0.3708 0.6292
3  2 	# rs1041524
 0.2809 0.7191
3  2 	# rs2396243
 0.3708 0.6292
3  2 	# rs9367190
 0.2191 0.7809
3  2 	# rs513688
 0.4101 0.5899
3  2 	# rs9369472
 0.0056 0.9944
3  2 	# rs13214191
 0.3315 0.6685
3  2 	# rs543844
 0.2416 0.7584
3  2 	# rs4714790
 0.4101 0.5899
3  2 	# rs7755190
 0.2584 0.7416
3  2 	# rs6458390
 0.2584 0.7416
3  2 	# rs11758473
 0.4607 0.5393
3  2 	# rs911982
 0.0225 0.9775
3  2 	# rs2146349
 0.4775 0.5225
3  2 	# rs476142
 0.0674 0.9326
3  2 	# rs6902467
 0.4775 0.5225
3  2 	# rs489448
 0.0393 0.9607
3  2 	# rs3778507
 0.3034 0.6966
3  2 	# rs1321078
 0.0337 0.9663
3  2 	# rs910586
 0.0449 0.9551
3  2 	# rs2772395
 0.2584 0.7416
3  2 	# rs12202314
 0.1966 0.8034
3  2 	# rs997445
 0.0506 0.9494
3  2 	# rs9395112
 0.5000 0.5000
3  2 	# rs16873760
 0.0281 0.9719
3  2 	# rs9472569
 0.4157 0.5843
3  2 	# rs12204525
 0.3539 0.6461
3  2 	# rs10948262
 0.1236 0.8764
3  2 	# rs6458474
 0.4438 0.5562
3  2 	# rs10948265
 0.3876 0.6124
3  2 	# rs3777594
 0.2584 0.7416
3  2 	# rs3798269
 0.3989 0.6011
3  2 	# rs1204339
 0.3820 0.6180
3  2 	# rs1980530
 0.3652 0.6348
3  2 	# rs6458495
 0.4157 0.5843
3  2 	# rs10498765
 0.1742 0.8258
3  2 	# rs9296481
 0.2640 0.7360
3  2 	# rs9367243
 0.3652 0.6348
3  2 	# rs1534362
 0.2697 0.7303
3  2 	# rs10807344
 0.1067 0.8933
3  2 	# rs10948303
 0.1742 0.8258
3  2 	# rs6458525
 0.4270 0.5730
3  2 	# rs1571442
 0.0506 0.9494
3  2 	# rs6458530
 0.1404 0.8596
3  2 	# rs4714979
 0.1348 0.8652
3  2 	# rs1226512
 0.4663 0.5337
3  2 	# rs1738820
 0.2022 0.7978
3  2 	# rs9349391
 0.4101 0.5899
3  2 	# rs714373
 0.3933 0.6067
3  2 	# rs6901823
 0.4719 0.5281
3  2 	# rs9395247
 0.2079 0.7921
3  2 	# rs4715005
 0.0730 0.9270
3  2 	# rs9369704
 0.0843 0.9157
3  2 	# rs1890061
 0.1629 0.8371
3  2 	# rs16876602
 0.0618 0.9382
3  2 	# rs9381631
 0.1685 0.8315
3  2 	# rs2180740
 0.1461 0.8539
3  2 	# rs2456918
 0.2360 0.7640
3  2 	# rs325052
 0.4719 0.5281
3  2 	# rs9473361
 0.1461 0.8539
3  2 	# rs16878078
 0.0562 0.9438
3  2 	# rs12210871
 0.2247 0.7753
3  2 	# rs11752910
 0.1629 0.8371
3  2 	# rs17805607
 0.4045 0.5955
3  2 	# rs1480617
 0.4326 0.5674
3  2 	# rs780558
 0.4101 0.5899
3  2 	# rs4715153
 0.4438 0.5562
3  2 	# rs628337
 0.0225 0.9775
3  2 	# rs4715178
 0.4382 0.5618
3  2 	# rs1126287
 0.4663 0.5337
3  2 	# rs9349542
 0.5000 0.5000
3  2 	# rs7758661
 0.0056 0.9944
3  2 	# rs6906927
 0.4326 0.5674
3  2 	# rs2272903
 0.2191 0.7809
3  2 	# rs12215345
 0.1573 0.8427
3  2 	# rs9463680
 0.2022 0.7978
3  2 	# rs2796908
 0.0843 0.9157
3  2 	# rs12207656
 0.0899 0.9101
3  2 	# rs6937025
 0.3652 0.6348
3  2 	# rs16881828
 0.0056 0.9944
3  2 	# rs9349603
 0.1685 0.8315
3  2 	# rs1896967
 0.4157 0.5843
 0 0
 0.1  0.000521  0.001558  0.001322  0.000594  0.000777  0.000714  0.001544  0.000609  0.000795  0.000610  0.000847  0.002908  0.001001  0.000719  0.000511  0.001245  0.000570  0.000636  0.000697  0.001834  0.000519  0.000935  0.000589  0.000527  0.000518  0.000598  0.000524  0.000604  0.000535  0.000997  0.001209  0.001376  0.001176  0.000533  0.000634  0.000967  0.000592  0.001319  0.002195  0.001313  0.000537  0.000642  0.002109  0.000513  0.000509  0.000628  0.001358  0.000956  0.000978  0.000587  0.000507  0.000739  0.000770  0.001324  0.000546  0.000505  0.001234  0.000576  0.001509  0.000741  0.000878  0.002182  0.001139  0.000566  0.001559  0.001851  0.000547  0.000764  0.001093  0.000613  0.000613  0.000897  0.001322  0.001808  0.000681  0.000507  0.000638  0.000959  0.001866  0.000755  0.000555  0.002060  0.000861  0.001438  0.001227  0.000698  0.002741  0.000827  0.000711  0.000570  0.000563  0.000562  0.000533  0.000514  0.001672  0.000542  0.001752  0.001404  0.001690  0.000673  0.000762  0.000677  0.000516  0.000745  0.001506  0.001190  0.000841  0.000818  0.000592  0.001432  0.000532  0.001325  0.000739  0.000528  0.001380  0.000507  0.001518  0.000522  0.000648  0.000737  0.000500  0.001034  0.000819  0.000546  0.000528  0.000710  0.000575  0.001838  0.000697  0.000853  0.000511  0.000689  0.000737  0.000610  0.000528  0.000517  0.001030  0.000562  0.001875  0.000514  0.000514  0.000796  0.000610  0.001117  0.000598  0.000989  0.000516  0.000640  0.000566  0.000881  0.001218  0.000781  0.001218  0.000747  0.000868  0.000526  0.000602  0.001321  0.000546  0.000651  0.000643  0.000550  0.000814  0.000579  0.001083  0.001808  0.000769  0.001434  0.000507  0.000501  0.000770  0.000580  0.000509  0.000521  0.000528  0.000558  0.001296  0.000621  0.000523  0.000527  0.000751  0.000521  0.000540  0.000708  0.000709  0.000608  0.000508  0.000567  0.000600  0.000519  0.000522  0.000501  0.000501  0.000512  0.000521  0.000554  0.000524  0.001106  0.001544
 1      2.0  1.0
