#Chr    Genpos       Marker     Physpos    Nr
 06  107.30901117   rs2782908  102545672    1
 06  107.38795117   rs3849205  102707870    2
 06  107.52401288   rs6909610  102745846    3
 06  107.57427218   rs4334996  102907074    4
 06  107.64427308   rs6928093  103010466    5
 06  107.69658992   rs7769811  103231036    6
 06  107.87268850   rs9390890  103368208    7
 06  107.92283260   rs7761003  103415966    8
 06  107.97512607   rs9404303  103590645    9
 06  108.05723325  rs12205502  103616369   10
 06  108.11443218   rs2742702  103753106   11
 06  108.16532627  rs17624545  103947395   12
 06  108.37634980   rs2506754  104102998   13
 06  108.42952854   rs9404464  104305245   14
 06  108.54509347   rs4335016  104324113   15
 06  108.64216375  rs13362595  104414778   16
 06  108.86382542   rs2205746  104572980   17
 06  108.91497663    rs859980  104607891   18
 06  109.00223944  rs12203539  104630035   19
 06  109.14376938   rs6942087  104849458   20
 06  109.20101785   rs4946463  104938196   21
 06  109.28338805    rs450996  105073598   22
 06  109.35209085   rs6910034  105240315   23
 06  109.40227777   rs2153127  105455237   24
 06  109.46728475    rs221626  105612935   25
 06  109.54808668    rs768781  105712711   26
 06  109.68728045   rs1765924  105754484   27
 06  109.78164781   rs1189924  105810861   28
 06  109.87965242   rs1617445  105863763   29
 06  109.94415202   rs9500087  105928205   30
 06  110.04913044   rs6909720  105982307   31
 06  110.10517286   rs1269287  106058532   32
 06  110.20403570   rs6919641  106089932   33
 06  110.31522266   rs4946673  106107523   34
 06  110.37069346    rs714530  106149578   35
 06  110.54604180   rs2027873  106166337   36
 06  110.60196314   rs4440505  106293118   37
 06  110.75851638   rs2895618  106373066   38
 06  110.88069089  rs11966261  106409967   39
 06  111.08761586  rs13437093  106429443   40
 06  111.26601503   rs4568493  106436659   41
 06  111.35984063   rs9386492  106475402   42
 06  111.41485578  rs11152943  106511795   43
 06  111.48578598   rs9480625  106521683   44
 06  111.56009503   rs6925611  106618625   45
 06  111.67618352    rs535490  106671127   46
 06  111.72659268   rs9398069  106707858   47
 06  111.80555231   rs1322178  106738473   48
 06  111.86108550  rs17251215  106927858   49
 06  111.94996687   rs2749083  106942992   50
 06  112.00133880    rs987377  106967405   51
 06  112.05855608    rs927016  106992478   52
 06  112.12195837   rs6905896  107020698   53
 06  112.27500770   rs6925883  107032403   54
 06  112.33591630   rs7760555  107051513   55
 06  112.39317197   rs1159148  107073878   56
 06  112.44372299    rs898898  107170233   57
 06  112.49960475   rs3127660  107240412   58
 06  112.55594556   rs6915445  107281208   59
 06  112.62324420   rs1022630  107296340   60
 06  112.69689397   rs3117418  107323246   61
 06  113.20522849   rs3099605  107435788   62
 06  113.30170772    rs311232  107503351   63
 06  113.56114594   rs6568468  107579642   64
 06  113.63327788  rs17068076  107643700   65
 06  113.68434050   rs7745716  107820014   66
 06  113.73967900   rs6940398  107992696   67
 06  113.81682821   rs9373956  108035718   68
 06  113.97991416    rs847003  108108177   69
 06  114.03211112   rs1728118  108136211   70
 06  114.14805377   rs6934505  108174696   71
 06  114.22859461  rs17528372  108200350   72
 06  114.29296066   rs6900051  108272641   73
 06  114.42931173   rs9372175  108409284   74
 06  114.50275591   rs2050042  108415352   75
 06  114.58713470   rs7770621  108439044   76
 06  114.66187351   rs9400180  108461591   77
 06  114.81553714   rs4946900  108522085   78
 06  114.87838492   rs6919324  108548915   79
 06  115.00547944    rs218291  108573717   80
 06  115.07642030    rs217520  108600042   81
 06  115.13020440   rs6903501  108954814   82
 06  115.19564317   rs6911407  108973724   83
 06  115.24884146    rs517924  109131382   84
 06  115.46837312   rs6928805  109158027   85
 06  115.54907168    rs541020  109190725   86
 06  115.59927892    rs471422  109245184   87
 06  115.74214638  rs12195848  109385798   88
 06  115.86720154    rs351739  109610669   89
 06  115.92379830  rs11759269  109747181   90
 06  116.01208929  rs12181780  109816229   91
 06  116.07667154  rs10499054  110212927   92
 06  116.19773057   rs6903208  110329618   93
 06  116.31027459   rs9487258  110370337   94
 06  116.44835175   rs2503772  110392108   95
 06  116.59957387   rs2505039  110412597   96
 06  116.65355723   rs9372248  110496619   97
 06  116.85876022    rs976471  110765878   98
 06  116.98524060   rs9374167  110803063   99
 06  117.05211396   rs3823447  110852512  100
 06  117.13851734   rs2428175  110914475  101
 06  117.21813434   rs2023705  110960203  102
 06  117.27780175   rs9487444  110996128  103
 06  117.33096862   rs7768897  111318976  104
 06  117.38303306  rs13202203  111473158  105
 06  117.54026040   rs9320356  111501114  106
 06  117.64871045  rs17606253  111633138  107
 06  117.70229837  rs11153298  111996147  108
 06  117.75891610   rs9387018  112055967  109
 06  117.81577939   rs1794821  112076182  110
 06  117.86915723    rs809193  112127107  111
 06  117.91999451   rs2182644  112245575  112
 06  117.97040700   rs9387058  112400703  113
 06  118.03180396   rs1028122  112449402  114
 06  118.15183927    rs925755  112457022  115
 06  118.20633303   rs1160798  112545139  116
 06  118.27984464   rs6913656  112589928  117
 06  118.36872082   rs4945899  112640908  118
 06  118.45209412   rs6935727  112714839  119
 06  118.61001290   rs9400534  112768454  120
 06  118.81251204   rs1150092  112901854  121
 06  118.88928513   rs9398318  113044244  122
 06  118.99192325   rs4947192  113074534  123
 06  119.04950764   rs9320418  113255785  124
 06  119.11204981   rs2127965  113411596  125
 06  119.19048887   rs9488105  113633670  126
 06  119.25620318   rs9488119  113686275  127
 06  119.31021276   rs9488159  113803217  128
 06  119.40526258    rs620611  113815512  129
 06  119.46553813   rs7769338  113920332  130
 06  119.52562275   rs6931833  114078284  131
 06  119.57790224   rs7774400  114134832  132
 06  119.63850557  rs11153451  114301216  133
 06  119.75790645   rs2810160  114329403  134
 06  119.82378107   rs9372385  114422998  135
 06  119.92216349   rs1022387  114569311  136
 06  120.00770950   rs9320489  114668310  137
 06  120.09021078    rs785129  114719588  138
 06  120.16794841    rs750377  114967415  139
 06  120.21805945   rs7745314  115133003  140
 06  120.29217242   rs9387243  115170314  141
 06  120.35413389   rs4425620  115202712  142
 06  120.41156655   rs9372417  115318835  143
 06  120.46349240   rs1229831  115527139  144
 06  120.54968124   rs1548305  115715535  145
 06  120.61387563   rs1156783  116102352  146
 06  120.72003375   rs6908592  116249768  147
 06  120.77237994    rs562819  116385418  148
 06  120.82371164  rs11965969  116558896  149
 06  120.90722990   rs3798413  116833281  150
 06  120.95966909  rs17078062  116992250  151
 06  121.04272168    rs548101  117190413  152
 06  121.09436648    rs783642  117395192  153
 06  121.15331661    rs783371  117555513  154
 06  121.20383246    rs620590  117667558  155
 06  121.37197574    rs451411  117690724  156
 06  121.42227951    rs485768  117726832  157
 06  121.50151759   rs3777958  117740540  158
 06  121.66424258   rs9489138  117786609  159
 06  121.72473166   rs6942067  117892389  160
 06  121.78410387   rs4946265  117969868  161
 06  121.84382311    rs636205  118182815  162
 06  121.89771137   rs7754471  118219879  163
 06  121.95284498   rs7738597  118369989  164
 06  122.00913035  rs12208433  118508438  165
 06  122.18511797  rs11153725  118664651  166
 06  122.23682075  rs12204456  118946973  167
 06  122.29219666  rs11153771  119138872  168
 06  122.36505842   rs7742814  119185974  169
 06  122.43513767   rs4945630  119472010  170
 06  122.52803294   rs9320680  119492956  171
 06  122.59464089   rs3798603  119558938  172
 06  122.64943628    rs195077  119696844  173
 06  122.74571835   rs6910329  119948581  174
 06  122.80531394   rs9374827  120137237  175
 06  122.87299020   rs1028961  120271168  176
 06  122.95377535   rs6933285  120383898  177
 06  123.01310462  rs10484970  120526463  178
 06  123.06911110  rs10457375  120646569  179
 06  123.12682590   rs9320751  120819942  180
 06  123.17842954   rs4535586  120899514  181
 06  123.23102720  rs17082686  121025309  182
 06  123.28580324  rs12194792  121126276  183
 06  123.35249771   rs4535587  121267024  184
 06  123.40668492   rs9387916  121420686  185
 06  123.52485079   rs9482157  121747898  186
 06  123.58373659   rs2389541  121815698  187
 06  123.63839381   rs6925183  121862776  188
 06  123.88653488   rs4523118  121966755  189
 06  123.97095188   rs1034443  122245392  190
 06  124.03760108   rs2679699  122409033  191
 06  124.08797254   rs9388041  122420798  192
 06  124.13899919   rs2094574  122729283  193
 06  124.20021305   rs9398679  122983250  194
 06  124.25039433   rs6913003  123112811  195
 06  124.32497890   rs9490545  123119324  196
 06  124.54872895   rs9375185  123160199  197
 06  124.61239088  rs11154116  123190363  198
 06  124.66924006   rs4962262  123214382  199
 06  124.73272882   rs9401609  123241817  200
