#Chr    Genpos       Marker     Physpos    Nr
 06  56.85764046   rs9394437   37637812    1
 06  56.90978431   rs2894413   37671057    2
 06  57.06585704   rs9380691   37682830    3
 06  57.19824901   rs6926735   37707940    4
 06  57.25767220   rs6925749   37741002    5
 06  57.33545506    rs876796   37755622    6
 06  57.40691592    rs742787   37799604    7
 06  57.56156686  rs10456457   37834055    8
 06  57.62255182   rs7776025   38032706    9
 06  57.70208241  rs12215707   38283901   10
 06  57.76311276   rs9394492   38440588   11
 06  57.84788813  rs12525647   38595004   12
 06  58.13955482   rs1623375   38806091   13
 06  58.23976121   rs1678677   38836120   14
 06  58.31175829   rs9349103   38976678   15
 06  58.36293017  rs10947767   39029218   16
 06  58.48755343   rs7341356   39144323   17
 06  58.54459149   rs4254984   39167657   18
 06  58.60821698   rs7773754   39227815   19
 06  58.67793599    rs751933   39272099   20
 06  58.86172315   rs6458102   39303907   21
 06  58.91365612   rs1651106   39327278   22
 06  59.00721154   rs2395718   39350870   23
 06  59.06616681  rs11756091   39390784   24
 06  59.11891007   rs6458110   39401876   25
 06  59.17078496   rs9471076   39416517   26
 06  59.23060952   rs6899860   39456669   27
 06  59.28304978   rs9394591   39497970   28
 06  59.34352411   rs9471112   39538851   29
 06  59.39703954    rs303678   39751585   30
 06  59.49685370    rs417096   39835811   31
 06  59.61787254   rs6937133   39907992   32
 06  59.75565484   rs9462580   39923573   33
 06  59.87335560   rs2475506   40019219   34
 06  59.92673392   rs3008833   40094281   35
 06  59.99019572   rs7746227   40292606   36
 06  60.08695104   rs9471290   40368493   37
 06  60.14615709  rs10498748   40406275   38
 06  60.27825046  rs12664614   40453676   39
 06  60.49826490   rs1433734   40524778   40
 06  60.62975679   rs9394699   40557268   41
 06  60.68346691   rs1433742   40611774   42
 06  60.74774469   rs9369215   40713146   43
 06  60.95911593   rs7765378   40725290   44
 06  61.01042497   rs7752740   40765570   45
 06  61.06134851   rs9369228   40806343   46
 06  61.12417777   rs9367079   40884571   47
 06  61.26016760    rs962390   40889398   48
 06  61.35589536   rs9394740   40932394   49
 06  61.45379116   rs7746902   41034936   50
 06  61.51256425    rs714051   41071091   51
 06  61.56325948   rs6915083   41271983   52
 06  61.63724069   rs3807040   41278873   53
 06  61.71432554   rs2234246   41351718   54
 06  61.84688798   rs9367104   41408875   55
 06  61.90147319   rs6922617   41444079   56
 06  61.95198938   rs9357360   41490550   57
 06  62.07557236    rs596917   41496322   58
 06  62.13321975    rs766389   41514764   59
 06  62.28434471  rs12527287   41548289   60
 06  62.35845696   rs2496639   41554993   61
 06  62.44633749   rs7742368   41566264   62
 06  62.66502238   rs2495239   41598466   63
 06  62.77901627   rs2395779   41619928   64
 06  62.83563642   rs1028818   41694558   65
 06  62.99176374   rs3789208   41722893   66
 06  63.17721095   rs1474762   41735030   67
 06  63.23196561   rs1011100   41751223   68
 06  63.30845015   rs7756525   41783718   69
 06  63.41784176   rs6912200   41825886   70
 06  63.47915461   rs9394831   41861062   71
 06  63.54045683   rs6921368   42088644   72
 06  63.63020956   rs4554318   42120137   73
 06  63.76259794   rs2492927   42147644   74
 06  63.94375746   rs7749023   42169711   75
 06  64.01189570   rs9471779   42206165   76
 06  64.06259375  rs17702178   42212909   77
 06  64.12643697   rs2492942   42215793   78
 06  64.22239920   rs6899392   42225472   79
 06  64.40934140   rs9349222   42239853   80
 06  64.48494613   rs9471815   42311726   81
 06  64.54047555   rs3800289   42339397   82
 06  64.74691379   rs9471831   42360363   83
 06  64.83305281   rs4711717   42393474   84
 06  64.97705925    rs550668   42417123   85
 06  65.09995035   rs1038890   42477286   86
 06  65.16978004   rs7768349   42521278   87
 06  65.44459958   rs6906363   42566354   88
 06  65.52735151  rs12210447   42824412   89
 06  65.59852391   rs2894478   42861382   90
 06  65.65558923   rs7764865   42943465   91
 06  65.71189313   rs4714652   43078728   92
 06  65.76810343   rs2841639   43275556   93
 06  65.82147054   rs4714674   43352692   94
 06  65.87294286   rs2254303   43384368   95
 06  66.04037952   rs9472064   43554773   96
 06  66.09463583  rs16869037   43767478   97
 06  66.27019085   rs9472114   43803653   98
 06  66.41075192    rs699946   43840647   99
 06  66.57999300   rs6900017   43866463  100
 06  66.64737692   rs4507587   43883816  101
 06  66.72362568   rs6458350   43897594  102
 06  66.79132759    rs881858   43914587  103
 06  66.84297287   rs2148251   43936112  104
 06  66.91753325   rs9369430   43942229  105
 06  67.06840402   rs1003167   43963001  106
 06  67.18752052   rs1776721   43998961  107
 06  67.27165946    rs865585   44019529  108
 06  67.35352068   rs9472158   44026875  109
 06  67.41275235   rs9472173   44041234  110
 06  67.55618671   rs4714724   44049623  111
 06  67.60945688   rs1631662   44061336  112
 06  67.74215060   rs3734693   44073143  113
 06  67.81612680   rs4711760   44103646  114
 06  67.86897965   rs9472201   44128388  115
 06  68.00715171    rs833810   44142669  116
 06  68.05783118   rs6458368   44159199  117
 06  68.20989092   rs3757272   44239758  118
 06  68.26214047   rs6925778   44252776  119
 06  68.32694382   rs1041524   44264448  120
 06  68.40073191   rs2396243   44286449  121
 06  68.45079940   rs9367190   44325632  122
 06  68.55434719    rs513688   44343668  123
 06  68.63626968   rs9369472   44398809  124
 06  68.69093483  rs13214191   44448915  125
 06  68.74372807    rs543844   44532778  126
 06  68.81476605   rs4714790   44549156  127
 06  68.87226822   rs7755190   44559792  128
 06  69.05638307   rs6458390   44577007  129
 06  69.12614855  rs11758473   44601326  130
 06  69.21150248    rs911982   44631621  131
 06  69.26260619   rs2146349   44633967  132
 06  69.33155954    rs476142   44674545  133
 06  69.40529800   rs6902467   44707983  134
 06  69.46637648    rs489448   44750003  135
 06  69.51925236   rs3778507   45004781  136
 06  69.57099864   rs1321078   45476192  137
 06  69.67412168    rs910586   45518290  138
 06  69.73032470   rs2772395   45629427  139
 06  69.91822092  rs12202314   45638449  140
 06  69.96960676    rs997445   45666411  141
 06  70.02107206   rs9395112   45790784  142
 06  70.10076109  rs16873760   45837367  143
 06  70.16176873   rs9472569   45876769  144
 06  70.27355283  rs12204525   45899891  145
 06  70.33336571  rs10948262   45948582  146
 06  70.43235276   rs6458474   45970206  147
 06  70.48395251  rs10948265   46007361  148
 06  70.54794946   rs3777594   46041116  149
 06  70.60457143   rs3798269   46089921  150
 06  70.69273882   rs1204339   46138499  151
 06  70.81467065   rs1980530   46148846  152
 06  70.89287610   rs6458495   46259707  153
 06  71.01482901  rs10498765   46277932  154
 06  71.08954496   rs9296481   46334203  155
 06  71.17639875   rs9367243   46424071  156
 06  71.22901448   rs1534362   46551887  157
 06  71.28928615  rs10807344   46733594  158
 06  71.42152444  rs10948303   46841062  159
 06  71.47612546   rs6458525   46925941  160
 06  71.54128000   rs1571442   46948720  161
 06  71.60561441   rs6458530   47003117  162
 06  71.66060372   rs4714979   47059624  163
 06  71.74209847   rs1226512   47115222  164
 06  71.80002701   rs1738820   47203156  165
 06  71.90843024   rs9349391   47245694  166
 06  72.08960372    rs714373   47337585  167
 06  72.16660204   rs6901823   47417070  168
 06  72.31022474   rs9395247   47425884  169
 06  72.36093488   rs4715005   47472916  170
 06  72.41106351   rs9369704   47574792  171
 06  72.48813298   rs1890061   47819559  172
 06  72.54614140  rs16876602   47912395  173
 06  72.59703602   rs9381631   47996659  174
 06  72.64915852   rs2180740   48096270  175
 06  72.70194439   rs2456918   48328141  176
 06  72.75778293    rs325052   48402005  177
 06  72.88759376   rs9473361   48504293  178
 06  72.94974135  rs16878078   48837484  179
 06  73.00204865  rs12210871   49072024  180
 06  73.05474445  rs11752910   49388929  181
 06  73.12986518  rs17805607   49619928  182
 06  73.18200489   rs1480617   49688517  183
 06  73.23607216    rs780558   49904870  184
 06  73.30696825   rs4715153   49999217  185
 06  73.37787611    rs628337   50119755  186
 06  73.43873075   rs4715178   50207760  187
 06  73.48951273   rs1126287   50375792  188
 06  73.54626912   rs9349542   50497511  189
 06  73.60630625   rs7758661   50518266  190
 06  73.65821102   rs6906927   50580886  191
 06  73.71044020   rs2272903   50894530  192
 06  73.76060180  rs12215345   51053949  193
 06  73.81069498   rs9463680   51251060  194
 06  73.86193318   rs2796908   51282577  195
 06  73.91404737  rs12207656   51513515  196
 06  73.96950649   rs6937025   51638724  197
 06  74.02194779  rs16881828   51720009  198
 06  74.13267813   rs9349603   51828797  199
 06  74.28730787   rs1896967   51936437  200
