#Chr    Genpos       Marker     Physpos    Nr
 06  124.73272882   rs9401609  123241817    1
 06  124.79634931   rs7754344  123338397    2
 06  124.85845011   rs9375219  123455777    3
 06  124.94071210   rs6916837  123523610    4
 06  124.99407683   rs6569329  123591098    5
 06  125.09025302   rs7746138  123684088    6
 06  125.15494913   rs9482391  123818200    7
 06  125.30201344  rs13212480  123903160    8
 06  125.41481308   rs9385304  123935345    9
 06  125.55426423   rs7760343  123966626   10
 06  125.62210463   rs2611432  124064738   11
 06  125.83432000    rs342616  124152024   12
 06  125.92770173    rs928529  124184678   13
 06  125.99377544  rs12191883  124194977   14
 06  126.08900165   rs6936906  124204714   15
 06  126.14114623   rs2318064  124231122   16
 06  126.19552667  rs12196932  124307100   17
 06  126.26214422   rs9320967  124340417   18
 06  126.33200250   rs7742884  124357467   19
 06  126.57772229   rs2064687  124417863   20
 06  126.62951709    rs163286  124503145   21
 06  126.84021744    rs713215  124645369   22
 06  127.02585797   rs2626131  124693931   23
 06  127.07631924    rs332611  124755226   24
 06  127.12641618    rs688197  124836586   25
 06  127.20716094    rs535492  124905661   26
 06  127.27663425    rs527307  124924081   27
 06  127.32687003    rs635837  124952438   28
 06  127.48405480   rs6932501  125006989   29
 06  127.53478331  rs17711154  125104741   30
 06  127.65157030   rs7754584  125127347   31
 06  127.70412407   rs1923728  125189237   32
 06  127.84480500    rs781739  125274032   33
 06  128.00671265    rs482014  125406994   34
 06  128.19122851    rs567448  125416165   35
 06  128.36956478   rs7451644  125475415   36
 06  128.42831090    rs476436  125518315   37
 06  128.48301045    rs495191  125570673   38
 06  128.54753540   rs9388416  125690044   39
 06  128.65374797   rs7756600  125724418   40
 06  128.80693630   rs6933106  125777338   41
 06  128.95944189   rs4895744  125839136   42
 06  129.05734402   rs2326146  125903234   43
 06  129.12455861   rs2747714  126049313   44
 06  129.17787218   rs7754833  126232587   45
 06  129.24048220   rs9398792  126313196   46
 06  129.35921758   rs9321060  126491345   47
 06  129.47846988   rs6569457  126615272   48
 06  129.53059283   rs2151522  127251786   49
 06  129.58816377   rs2800718  127442018   50
 06  129.88976536  rs12210968  127638678   51
 06  129.95065502   rs6903353  127876235   52
 06  130.00468603   rs9388590  127939998   53
 06  130.06895966    rs527206  128083808   54
 06  130.11968979  rs12525721  128265628   55
 06  130.17343200   rs9491896  128342642   56
 06  130.35727483   rs7757761  128433459   57
 06  130.44071045   rs9491913  128503481   58
 06  130.51408171   rs9491939  128717514   59
 06  130.61668190   rs6923822  128881163   60
 06  130.67239240    rs969970  128992093   61
 06  130.72340185   rs9372901  129134965   62
 06  130.81708122   rs4512245  129230175   63
 06  130.90220651   rs4594973  129354451   64
 06  130.96023768   rs6934624  129455026   65
 06  131.01263978   rs1478806  129575312   66
 06  131.08603490   rs7751571  129611906   67
 06  131.17541775   rs2326794  129646065   68
 06  131.23513388   rs7770270  129748811   69
 06  131.37955360   rs2876041  129762520   70
 06  131.43301338   rs6905196  129835664   71
 06  131.50076930   rs6939307  129879695   72
 06  131.65393943   rs2571591  129904485   73
 06  131.71456095   rs9388717  129978524   74
 06  131.78333805  rs12210003  130046292   75
 06  131.83584111   rs7753327  130092303   76
 06  131.96393620  rs17469847  130098274   77
 06  132.04726012   rs4897336  130123754   78
 06  132.18820149   rs4895856  130134178   79
 06  132.25616491   rs9492408  130229192   80
 06  132.36572663   rs1577910  130337520   81
 06  132.43587721   rs1544144  130361916   82
 06  132.61492164   rs4897370  130508369   83
 06  132.72784290   rs2326951  130578698   84
 06  132.77990916  rs12206915  130639964   85
 06  132.86800760  rs13218932  130825756   86
 06  132.91910720  rs12197132  130847387   87
 06  133.05131985   rs1203356  130871140   88
 06  133.21297201   rs9321242  130952035   89
 06  133.30223704   rs4895890  130982926   90
 06  133.35550968   rs9402269  131059988   91
 06  133.45763041  rs12210303  131178841   92
 06  133.50875008   rs9375791  131355109   93
 06  133.67192832    rs497082  131511154   94
 06  133.73742292   rs1746469  131544464   95
 06  133.79820308   rs9483246  131679383   96
 06  133.85102211  rs11965227  131740637   97
 06  133.95120644   rs2179771  131796623   98
 06  134.00442689   rs9493012  131885434   99
 06  134.14235576   rs9493050  132047018  100
 06  134.19891763   rs7759504  132108194  101
 06  134.28374731    rs766592  132173294  102
 06  134.36031304   rs6926970  132208983  103
 06  134.43168407   rs7754561  132254387  104
 06  134.52543162   rs9373002  132279972  105
 06  134.59342679   rs6940184  132299137  106
 06  134.64484609    rs928501  132317130  107
 06  134.70536046   rs1206737  132406214  108
 06  134.78740808  rs12529280  132542186  109
 06  134.91086140   rs3927419  132575056  110
 06  134.96321006    rs604196  132685728  111
 06  135.01859591  rs13196312  132723570  112
 06  135.18375749   rs9385608  132803788  113
 06  135.32041549   rs1044083  132821860  114
 06  135.39428377   rs2153177  132887059  115
 06  135.56930763   rs4305745  132935405  116
 06  135.72958624   rs7759004  132972017  117
 06  135.78975049   rs2745432  133052218  118
 06  135.93876831   rs6569828  133081014  119
 06  136.04729265   rs7738071  133126809  120
 06  136.09919218   rs6904471  133309096  121
 06  136.15203349    rs271167  133365565  122
 06  136.20848442  rs12196256  133521354  123
 06  136.26090926  rs17062270  133648998  124
 06  136.31098179    rs211605  133739910  125
 06  136.37062320    rs211598  133774601  126
 06  136.42328273    rs568911  133859149  127
 06  136.55459179   rs6911166  133936266  128
 06  136.63626718   rs1878551  133948976  129
 06  136.71800384   rs9389095  134136042  130
 06  136.76819900   rs2209044  134173931  131
 06  136.83708509   rs2327429  134251530  132
 06  136.94136633    rs228859  134292887  133
 06  137.09951808    rs229904  134361167  134
 06  137.15551009  rs11154757  134385490  135
 06  137.30059996   rs2254235  134406736  136
 06  137.49754363   rs7738638  134433066  137
 06  137.59130904   rs7741722  134473563  138
 06  137.68479384   rs4645436  134508166  139
 06  137.79958227   rs9402571  134530653  140
 06  137.88297567   rs1763527  134541547  141
 06  137.95175850   rs4896028  134580872  142
 06  138.09052449   rs4896032  134616627  143
 06  138.19240346  rs10485350  134728553  144
 06  138.34060994    rs736476  134769313  145
 06  138.40239758   rs4896044  134779781  146
 06  138.45327015   rs6908662  134838602  147
 06  138.58548111   rs4896067  134873179  148
 06  138.63909214    rs228420  134928740  149
 06  138.71670329   rs4896079  134961047  150
 06  138.80604091   rs7757871  135071738  151
 06  138.94644227   rs9402653  135180053  152
 06  139.00412363   rs9385710  135256981  153
 06  139.05412666  rs11754504  135363202  154
 06  139.10730429  rs17064262  135507167  155
 06  139.19795403    rs210937  135582073  156
 06  139.34306632   rs2207000  135665526  157
 06  139.39347205   rs2143681  135974698  158
 06  139.44942845   rs9399161  136122157  159
 06  139.52403986   rs6570047  136210916  160
 06  139.58340710   rs9402774  136259803  161
 06  139.76224930   rs7752169  136269251  162
 06  139.82174002   rs4896185  136323311  163
 06  140.00063241   rs6921041  136412351  164
 06  140.10054253   rs9494464  136550609  165
 06  140.23846678    rs797553  136613158  166
 06  140.29503060   rs3799462  136887442  167
 06  140.34682017   rs6917580  137001971  168
 06  140.43101644   rs2237270  137008434  169
 06  140.59813753   rs9376221  137034072  170
 06  140.64939640    rs911182  137076157  171
 06  140.70033915   rs3734552  137154326  172
 06  140.75281724   rs6570118  137305633  173
 06  140.94257799   rs1935743  137330176  174
 06  141.02619830   rs6935119  137348256  175
 06  141.08610471   rs1744061  137366348  176
 06  141.14063058    rs276550  137443470  177
 06  141.19182780    rs276467  137505911  178
 06  141.30516666   rs9376267  137572724  179
 06  141.45583009  rs17321070  137595938  180
 06  141.59051241   rs2797667  137654201  181
 06  141.73899014   rs9402884  137659033  182
 06  141.92133073   rs1591208  137734557  183
 06  142.02687778   rs7767115  137864411  184
 06  142.11691424   rs9321619  137916101  185
 06  142.16985874    rs487438  137989681  186
 06  142.22075791   rs6917441  138060132  187
 06  142.27713787    rs643746  138094373  188
 06  142.33825601    rs657597  138188198  189
 06  142.41446694   rs7755566  138290534  190
 06  142.46858483   rs6931591  138341608  191
 06  142.56088894   rs7768419  138345862  192
 06  142.65610297   rs4479955  138368250  193
 06  142.82121805   rs9389549  138384712  194
 06  142.89896970    rs648396  138454962  195
 06  142.96986716   rs9494937  138459708  196
 06  143.04630696   rs4896325  138526622  197
 06  143.15687899    rs203146  138632859  198
 06  143.29837394    rs203142  138698205  199
 06  143.36825732   rs6570234  138781694  200
