#Chr    Genpos       Marker     Physpos    Nr
 06  90.06450771   rs9343931   80493016    1
 06  90.12689345  rs12525600   80568533    2
 06  90.18066225   rs1321847   80589906    3
 06  90.25342258    rs346291   80621555    4
 06  90.32424252   rs9343953   80731013    5
 06  90.41505851    rs240226   80772557    6
 06  90.46610377    rs604732   81032460    7
 06  90.52714798   rs9352838   81206797    8
 06  90.59200714   rs2503749   81406475    9
 06  90.65131265  rs13193950   81593433   10
 06  90.71287741   rs9449223   81793030   11
 06  90.86772435   rs7762518   81991324   12
 06  90.91825600    rs996136   82144016   13
 06  90.96965536   rs1341230   82436294   14
 06  91.07903313  rs10943829   82456630   15
 06  91.13501810  rs10484871   82500427   16
 06  91.18545741   rs1291465   82562424   17
 06  91.26578127   rs9361875   82667777   18
 06  91.31613267   rs4054489   82756089   19
 06  91.41584781   rs1342194   82812573   20
 06  91.46690084   rs2039669   82850958   21
 06  91.53776359   rs9449437   82914093   22
 06  91.60785746   rs2983882   83213209   23
 06  91.66840391   rs1369869   83423001   24
 06  91.73121427    rs287849   83510578   25
 06  91.82871084   rs1076710   83642519   26
 06  91.88314964   rs2324167   83673241   27
 06  91.95769819   rs7766560   83841216   28
 06  92.01328485   rs1180195   84017581   29
 06  92.07626662  rs12204318   84277124   30
 06  92.14883637    rs624076   84476512   31
 06  92.24470405   rs9341967   84651368   32
 06  92.41357727   rs2497113   84823871   33
 06  92.56660014   rs6910017   85028082   34
 06  92.67312876   rs2206984   85093004   35
 06  92.74917499  rs10943979   85164601   36
 06  92.80217285   rs9444174   85176223   37
 06  92.85313412   rs4707051   85228254   38
 06  92.94244140   rs7741380   85268059   39
 06  92.99590094  rs10498943   85385340   40
 06  93.09570801    rs763725   85649750   41
 06  93.15470989   rs7773154   85784515   42
 06  93.20810816   rs1359602   85884243   43
 06  93.25872654    rs515583   85933010   44
 06  93.33149327   rs7759585   86064816   45
 06  93.38195306    rs313243   86113502   46
 06  93.44474720   rs7452605   86297670   47
 06  93.52664267    rs220409   86927347   48
 06  93.57798943   rs2816579   87075014   49
 06  93.63858600  rs17543325   87146255   50
 06  93.69314437   rs9344620   87269815   51
 06  93.74671274  rs12198149   87547876   52
 06  93.80978467  rs16879873   87607560   53
 06  93.87244063   rs6936751   87765865   54
 06  93.92408860   rs9359730   87851299   55
 06  93.97972707    rs242275   88102682   56
 06  94.03029393   rs9444519   88347117   57
 06  94.10159999   rs4707403   88523709   58
 06  94.18138021   rs9344726   88554005   59
 06  94.31234579    rs722903   88572771   60
 06  94.51855499   rs1324689   88613604   61
 06  94.57053638   rs4428477   88689728   62
 06  94.77840945  rs16879998   88727920   63
 06  94.83253528    rs269442   88743337   64
 06  95.11544600   rs3857490   88885755   65
 06  95.22589819    rs806376   88915367   66
 06  95.27903274   rs6906184   88943934   67
 06  95.37228666   rs7770704   88947339   68
 06  95.44888640   rs1555340   88979504   69
 06  95.52412206   rs9444597   89044336   70
 06  95.62372896  rs16880525   89143579   71
 06  95.72177041   rs4707477   89264971   72
 06  95.77575145   rs4706323   89317896   73
 06  95.87521420    rs744270   89355765   74
 06  95.95774464   rs2610768   89375359   75
 06  96.03501022   rs9451118   89754743   76
 06  96.09083365    rs855575   89811469   77
 06  96.14194313    rs439912   89963734   78
 06  96.19937089    rs282114   89988923   79
 06  96.37937744    rs282121   90036802   80
 06  96.43925106   rs7742664   90065463   81
 06  96.49722932   rs7743444   90112800   82
 06  96.60562882    rs854917   90184109   83
 06  96.65981251   rs1179901   90377917   84
 06  96.71370021  rs11967579   90596729   85
 06  96.88295356    rs292255   90700002   86
 06  96.96938543   rs6910129   90740308   87
 06  97.12968233   rs4707585   90763751   88
 06  97.30357087   rs9342219   90813174   89
 06  97.47751830    rs207264   90877302   90
 06  97.52811671   rs3734660   90973066   91
 06  97.57812528  rs12195431   91076375   92
 06  97.62889772   rs1847473   91093744   93
 06  97.68682627    rs717893   91121275   94
 06  98.00653360    rs790605   91162617   95
 06  98.06345062   rs1221220   91250870   96
 06  98.14489009    rs157705   91281856   97
 06  98.19492705   rs2750440   91422760   98
 06  98.31776588   rs2325312   91474114   99
 06  98.37696762  rs12526019   91547635  100
 06  98.58349551   rs9353764   91586443  101
 06  98.67332629   rs1145786   91678597  102
 06  98.85514089    rs711280   91699028  103
 06  99.00678264   rs1144168   91752389  104
 06  99.13799371   rs6936812   91809748  105
 06  99.21224092   rs7766974   91837059  106
 06  99.26787005   rs6924365   91872755  107
 06  99.43515169   rs9345098   91901230  108
 06  99.48577995   rs9294483   92005303  109
 06  99.62330051   rs2224063   92075807  110
 06  99.68865486   rs2818291   92206055  111
 06  99.74942091   rs4707675   92278279  112
 06  99.83279191   rs7453029   92424364  113
 06  99.88400751   rs1761783   92457892  114
 06  99.93535310   rs4318847   92646830  115
 06  100.03866496   rs1493556   92735946  116
 06  100.14603874   rs2452974   92809387  117
 06  100.20000744   rs1373376   92947386  118
 06  100.25020543   rs9451963   92998193  119
 06  100.30424503   rs6927251   93127736  120
 06  100.36557560   rs6935299   93256445  121
 06  100.42113663   rs9345268   93459268  122
 06  100.48487175   rs6908465   93500050  123
 06  100.56288303    rs951556   93610146  124
 06  100.61357912   rs7742301   93699812  125
 06  100.73657611    rs677242   93758862  126
 06  100.89566808   rs7760335   93808735  127
 06  100.99792612   rs6938042   93890157  128
 06  101.05041971   rs7772899   93955354  129
 06  101.10044996   rs1572102   93999838  130
 06  101.19920492    rs164301   94086536  131
 06  101.25485395   rs4707796   94133139  132
 06  101.31375696    rs351331   94186745  133
 06  101.44328599   rs1906980   94404759  134
 06  101.50633527   rs7765999   94625152  135
 06  101.57382334    rs574793   94867896  136
 06  101.63310053  rs12216311   94961207  137
 06  101.68410621  rs12529767   95060165  138
 06  101.79437496    rs461442   95122082  139
 06  101.87129287   rs2325585   95149574  140
 06  101.93285269   rs1322422   95233080  141
 06  102.05711630   rs9445284   95244735  142
 06  102.10834890    rs993200   95377539  143
 06  102.16129959   rs2502037   95424156  144
 06  102.29189568    rs794669   95561061  145
 06  102.34941888    rs197902   95649511  146
 06  102.40228493   rs2380218   95947837  147
 06  102.45646419   rs9320526   96132167  148
 06  102.51188615   rs4839992   96300666  149
 06  102.56422378   rs6936274   96383129  150
 06  102.61932090   rs2799665   96415764  151
 06  102.70923111   rs4840174   96501344  152
 06  102.82920929   rs9322615   96588173  153
 06  102.89886288   rs2248641   96599954  154
 06  102.94969401   rs7768506   96781476  155
 06  103.00620431   rs9384578   96953696  156
 06  103.21216972   rs1413522   97209336  157
 06  103.26643169  rs17056960   97281025  158
 06  103.35346185    rs850577   97471960  159
 06  103.40815935   rs9320375   97555763  160
 06  103.51084694   rs1206155   97655927  161
 06  103.58054882  rs10499010   97871166  162
 06  103.63323629   rs4391266   98151353  163
 06  103.79350648   rs9401123   98289833  164
 06  103.84774566   rs9489706   98321116  165
 06  103.89843935   rs9372650   98502142  166
 06  104.08124133   rs9388482   99012654  167
 06  104.28416523    rs158773   99056271  168
 06  104.34241728    rs150396   99069312  169
 06  104.39839716  rs17829357   99124453  170
 06  104.51772110   rs9375604   99276760  171
 06  104.64355952  rs10499023   99333450  172
 06  104.72863911   rs9375728   99433211  173
 06  104.78847691   rs9402444   99645874  174
 06  104.94910041  rs12528619   99782629  175
 06  105.00057234  rs11963108   99900336  176
 06  105.05238046   rs2038715  100089060  177
 06  105.11802611   rs6908196  100291982  178
 06  105.20211103   rs9321763  100392848  179
 06  105.33320301   rs9495657  100400252  180
 06  105.40249152  rs13212643  100535034  181
 06  105.46560326   rs4642484  100558771  182
 06  105.57597175  rs11155282  100699743  183
 06  105.65659723   rs2474251  100708639  184
 06  105.77660701  rs12201659  100740059  185
 06  105.89932616   rs6570574  100749588  186
 06  105.97280954    rs924974  100869934  187
 06  106.03264740   rs1506084  100919909  188
 06  106.20851806   rs3798492  100995346  189
 06  106.27804001   rs9377236  101396681  190
 06  106.37889263   rs1338161  101941837  191
 06  106.45750297   rs2579931  101961354  192
 06  106.56838973   rs1856309  101973089  193
 06  106.63935357   rs2749060  102047933  194
 06  106.73002639   rs2021678  102140234  195
 06  106.92311599   rs1415485  102225039  196
 06  107.00690816  rs17062422  102284737  197
 06  107.16683608   rs9498691  102318510  198
 06  107.25828450   rs1475922  102457440  199
 06  107.30901117   rs2782908  102545672  200
