#Chr    Genpos       Marker     Physpos    Nr
 06  182.03945807    rs533040  165652625    1
 06  182.13328390     rs17193  165721173    2
 06  182.19298779   rs9459417  165757982    3
 06  182.37339698    rs220821  165769228    4
 06  182.58226050    rs221724  165807521    5
 06  182.65070342   rs6906719  165865960    6
 06  182.70803626   rs6938249  165889215    7
 06  182.76019260   rs2983505  165931057    8
 06  182.87091454   rs7762160  165935421    9
 06  182.93610328   rs9459464  165962695   10
 06  183.08321357   rs3008054  165989833   11
 06  183.13702877   rs9347084  166008285   12
 06  183.24622891   rs1039001  166066344   13
 06  183.41541401   rs6928719  166117879   14
 06  183.47654075  rs10455964  166150543   15
 06  183.64758409   rs7741397  166169058   16
 06  183.70193893    rs955075  166218602   17
 06  183.82581537   rs6899687  166296455   18
 06  183.87924306    rs300148  166351837   19
 06  183.93145016   rs2166251  166424773   20
 06  183.98266235   rs2305089  166499260   21
 06  184.09208549  rs12190692  166543244   22
 06  184.14480899   rs4709109  166587851   23
 06  184.26274276   rs6910073  166599064   24
 06  184.49542761   rs6934656  166626111   25
 06  184.63494979   rs2343591  166712395   26
 06  184.69571642   rs9355578  166739764   27
 06  185.06432022   rs9355580  166773503   28
 06  185.15286709   rs3817792  166796618   29
 06  185.20642827    rs734560  166809984   30
 06  185.27479387  rs12524741  166836302   31
 06  185.35315195   rs1894660  166839745   32
 06  185.42010285    rs378373  166848570   33
 06  185.48386027   rs3823204  166893095   34
 06  185.53536669   rs3823196  166932196   35
 06  185.68237311    rs916390  166949125   36
 06  185.74004827   rs6903559  167001809   37
 06  185.79615083   rs6456102  167027434   38
 06  185.89453527    rs760837  167037605   39
 06  185.94533277   rs3734600  167074992   40
 06  186.11668063   rs4710089  167081513   41
 06  186.26017263  rs10946189  167129659   42
 06  186.42276293   rs2881194  167187909   43
 06  186.55318495  rs13216122  167241094   44
 06  186.61708343   rs7755545  167247938   45
 06  186.69772355  rs13213697  167264573   46
 06  186.75388345   rs2757048  167271110   47
 06  186.80647044   rs2149085  167291100   48
 06  186.88326513   rs3798315  167464699   49
 06  187.01251292   rs3093000  167474187   50
 06  187.19517720   rs2180713  167535000   51
 06  187.25791636   rs4709159  167584908   52
 06  187.43042534   rs7749014  167655944   53
 06  187.55769438   rs6934339  167716064   54
 06  187.60981700   rs4364453  167730703   55
 06  187.66452229   rs9364939  167742974   56
 06  188.53660429    rs676740  168044079   57
 06  188.65098524   rs2843011  168131062   58
 06  188.70581228  rs11751451  168156242   59
 06  188.93266697   rs3734900  168200923   60
 06  188.99023885   rs9455952  168242774   61
 06  189.04179488  rs12213265  168253928   62
 06  189.09700741   rs9455576  168274300   63
 06  189.15070268   rs4708668  168282704   64
 06  189.32927336  rs12214678  168294914   65
 06  189.50053619   rs4708445  168323543   66
 06  189.55696490   rs2291098  168372230   67
 06  189.61133350   rs9346682  168428382   68
 06  189.69117751  rs12202943  168443695   69
 06  189.82919644   rs1551988  168454019   70
 06  189.88775475   rs4292501  168462773   71
 06  189.95248429   rs2609299  168551609   72
 06  190.01876216   rs2749266  168658194   73
 06  190.10183818   rs9456183  168699652   74
 06  190.15779843  rs11969025  168709387   75
 06  190.22105991   rs3734421  168750870   76
 06  190.28599060    rs911946  168785425   77
 06  190.34239639    rs677107  168826347   78
 06  190.39363974   rs9364289  168903475   79
 06  190.47435455   rs9364309  168985464   80
 06  190.53513593   rs9294935  169065451   81
 06  190.60853544   rs4596451  169080596   82
 06  190.73341691   rs9294943  169129311   83
 06  190.78379021  rs12193635  169190721   84
 06  190.98456974   rs9346612  169213003   85
 06  191.22301314   rs9688959  169303320   86
 06  191.27590030   rs1132782  169358348   87
 06  191.33278204   rs9379341  169385610   88
 06  191.38778465   rs6605524  169398045   89
 06  191.45038077   rs9717830  169405563   90
 06  191.62271913   rs9294983  169439025   91
 06  191.74004266   rs9406330  169459484   92
 06  191.81342604   rs9283852  169467353   93
 06  191.86664210   rs7741251  169505179   94
 06  191.91953656   rs4716360  169640242   95
 06  191.96977502   rs9478102  169898608   96
 06  192.02796234   rs6904219  169992047   97
 06  192.24185798   rs4710807  170175642   98
 06  192.30154353   rs1532389  170200491   99
 06  192.38406316  rs10946292  170267446  100
 06  192.43659738   rs4710758  170296985  101
 06  192.57742781    rs745285  170380250  102
 06  192.69758458   rs7763013  170394538  103
 06  192.74926123   rs7771267  170408165  104
 06  192.80084596   rs2983222  170414923  105
 06  192.87021255   rs6909300  170480140  106
 06  192.95366358  rs10806879  170602082  107
 06  193.00535465   rs9356658  170663725  108
